,X,Y,Z
0,0.0009286755312613666,0.001707851607789942,0.004780229388982113
1,0.002811935241414876,0.0002294874195193804,0.0010314800799410178
2,0.000997094128345588,0.05815805848878022,0.0006947707453656437
3,0.000283550661015253,0.00036494169865368517,0.0005401867144287718
4,0.00042884175662656946,0.003687686248625526,0.00018402192772365124
5,8.842402212693502e-05,0.0001818093888028623,0.0008055581311708155
6,0.0006029288549390204,0.0005152120355033605,0.00027608566039452994
7,0.00039111172335713095,0.0007614459321110702,0.0010686347750563238
8,0.001763045079442776,0.0005243320163490117,0.00042944319900167056
9,0.0002724705209283288,0.00035727432810439444,0.0005434144322872255
10,0.000318480269522301,0.0003539126906730236,0.00043469736159327036
11,1.1440649172221869e-05,0.0006194290050748895,6.783190016781843e-05
12,0.00023570528678977745,0.00023951028242662835,0.00026063333593891007
13,3.7469711989453265e-05,0.0001204095043139223,0.0003770296281210259
14,0.00196081553496564,0.00022370819264568695,0.00023039487544161964
15,0.0004439475699040969,0.0005919328127700218,0.0009972262933556557
16,0.0002697002124860277,0.0002658461226704282,0.0002882019744860798
17,0.0010152298563887707,0.008046520254676936,0.03634973260727841
18,0.00034351958677264716,0.0003434554508104157,0.00046280993429604093
19,0.01864186526149523,0.02505272433627584,0.008713249625429739
20,0.05142462330495956,0.006090088654760031,0.0009086929003005103
21,0.000348030345161134,0.0010830489853560173,0.00048395215121935226
22,3.292621267553053e-05,4.239026129233643e-05,6.228183522246565e-05
23,0.013281099823150762,0.002027805481315742,0.0007584102034893725
24,0.00011073110024490028,0.00022126487944365726,0.003299889784030726
25,0.00028747608973653146,0.0004519354804205386,0.0017627365521124504
26,0.0006266650835895798,0.00037471820414217236,0.0005656155299189892
27,0.0005505320716218677,0.004628750231816655,0.00043976368754325965
28,1.936225384459625e-05,8.279038676420944e-05,1.301781184325453e-06
29,0.0003197998244823218,0.0004195195120832826,0.0010117712286403279
30,0.00041595376570617196,0.0003321887441238439,0.00030702633546099883
31,0.00012632871882900718,0.00013330098247122548,0.00015465200649545258
32,0.000506059977424426,0.0005912125216595977,0.0008777548818164962
33,0.00012693061844948773,0.00034785029416699905,0.0019511749557463711
34,0.0002479772429195161,0.000381601498610197,5.9092028370040654e-05
35,0.0002690496402386885,0.0012939915898918938,0.00019782778286594113
36,0.0001447091785892657,0.00019682121906791988,0.0003126347511460173
37,2.3811956031754718e-05,4.2051001269754966e-05,0.00010126829060164453
38,0.0011658096426326442,0.002526396376136949,0.00042086947226912733
39,0.0001699326009390667,0.0003615674043037512,0.0015647231308893073
40,0.01651093584590279,0.0023997318218731004,0.000977192884695776
41,0.00011494051773497431,0.0002987679279857228,0.0009297791334727192
42,5.1328979904680626e-05,4.275435825473698e-05,3.980230175434483e-05
43,0.002285913939633458,0.0008718437162347837,0.0004480458036709985
44,0.0001401439334899383,0.0046036404450091,0.0009950680857701076
45,0.00030437167646822183,0.0003672399824519296,0.0004906958793276265
46,0.004297127548314522,0.0009935577371952206,0.0005324176810965161
47,0.005572443060841165,0.0008003964023504186,0.00025659379902928637
48,0.0002533144006568954,0.0003293084169499198,0.0004974263490259424
49,0.00035559087467909253,0.0003674736272138061,0.004585519744681024
50,0.002673237965566019,0.00018645640311469914,0.00019321548194173622
51,2.8680691188748973e-05,2.7611616625056825e-05,3.001084452938981e-05
52,0.0005863671316335208,0.00041725697743354075,0.0003766161897302241
53,2.6670390799937225e-05,2.3746491818739383e-05,2.6645515535447367e-05
54,0.0002726170519694719,0.00027439471711373733,0.004061782991678471
55,0.0006424613783455256,0.00106264009849244,0.002405127200098695
56,0.00028544871248068024,0.00029596534591735084,0.0003360340041269124
57,0.000917703732210763,0.004130718187980826,0.0009310898921661985
58,0.00013820130022061582,0.00014696051622250226,0.002593061606820306
59,0.0002111371015495253,0.004117947632556428,0.0004136240697546613
60,0.0008085021252487812,0.0017075319670243486,0.00045073100181263886
61,2.6381260287311937e-05,0.0009997503869992128,0.00013239559060917406
62,0.00026762619026184483,0.06054662485876296,1.0095416975669314e-05
63,0.02662908543802532,0.015779241768179825,0.006329314828906878
64,6.321021705276092e-05,0.00010067481562594042,0.00022348198540575676
65,0.0005631709495515564,0.0008164255608936807,0.0015389167139338439
66,0.00016305633560037962,0.00018828720444027204,0.00024039286589138743
67,0.0011386747258671924,0.000648473009425804,0.0004655682402596454
68,1.855024704059234e-05,4.208584469639799e-05,0.00010649310527340955
69,0.0003759433638295592,0.0019502066184128581,0.0006225150794432087
70,8.580302028519027e-05,8.724561765495154e-05,9.345097177454208e-05
71,0.0004135228366518308,0.0004311164407554447,0.0005162765539263698
72,0.002709704596010869,0.057607734296842524,0.0007097954841657205
73,0.0003525648456265834,0.00035892199863435647,0.00040636864258308727
74,0.001022943608455845,0.005557391195489278,0.00212045352240536
75,0.00010536140451560627,0.0001582315766230285,0.00032287652276488665
76,0.0004569381734952944,0.0005232746530841113,0.0006796620694798589
77,7.230357921268887e-05,8.871873132992502e-05,0.00012590091176041258
78,0.00012842239956973415,0.0004235718625656874,0.0002060776580851686
79,0.00017257906722695948,0.0002003093481377262,0.0002585084531608364
80,0.0002803843743610872,0.00034262373076618396,0.00048600419045212787
81,0.0003345939273394575,0.00040306037440041373,0.0006077937945652004
82,0.0002135081079538187,0.0002995618028905638,0.0005981706183064983
83,0.021256896276349097,0.01921270309201871,0.005218684945080669
84,0.00012042657692619592,0.0001785000933900368,0.00035390511653473445
85,0.0008331049995019705,0.0007991100397926276,0.00501283932595168
86,0.0008434308336854133,3.620523377860576e-05,0.0004923758112598697
87,0.00044100801853272636,0.000527212486213867,0.000741587586615279
88,0.0003603087612528796,0.0004903291440953585,0.0008036864235661358
89,0.00076030360802226,0.0021553218217889854,0.0013154979321839033
90,0.002672081742060709,0.022002066321336222,0.02335171939976897
91,0.00024303320217208076,0.00015858473221009266,0.00011297498817323502
92,0.00038987457123593883,0.0005404329530376698,0.0011345844589376456
93,0.0004638358235418937,0.0005771610806887713,0.0008590764571893353
94,0.0003503147173914225,0.0003483091100887972,0.0003690323386879525
95,0.00024808350924634633,0.001147221425400562,0.052900992150603496
96,0.001117196397509276,0.06491157664412085,0.0015535766373770826
97,0.00029802110516075726,0.0002930750014862061,0.00032630634810844404
98,0.0006813248252468401,0.0011690152714539524,0.0028446948042893097
99,0.0009601163164429069,0.0005498606895589998,0.001719960711859205
100,0.00037911356570315754,0.00047967650934039105,0.0006878285251604583
101,0.002805808384228578,0.00034130386918984623,0.0006087333229987258
102,0.00043916391087987355,0.00042304628121171705,0.0005608530493153114
103,0.0002549475307283485,0.00035466210801870927,0.003418770239700024
104,0.002120018251810963,0.00039252135083299596,0.0008455488980710081
105,0.0004343441518963183,0.0002708433235005905,0.00013092173059237524
106,0.0002815777905170009,0.0003218333985829356,0.00040881021208397165
107,0.00666195986163415,0.0007422419527132254,0.0023773796776742216
108,0.0003702322693465188,0.0003472438464864057,0.0003723623058082029
109,0.004186665721625684,0.00042988018951130606,0.0005585236754147638
110,0.04088962396469635,0.004945928614576428,0.0009559524878392384
111,0.00017524634055371982,5.395838426464629e-05,0.0008540034892705381
112,0.0036699273481540823,0.033321209807520194,0.0339200220320543
113,2.573554460968824e-05,0.0001216472646821109,4.649882321773438e-06
114,0.0001021433649784511,0.0008448341756004346,0.00030478548816085507
115,0.0016287919074623486,0.04717402171166394,0.004462425270081671
116,4.0562525957496504e-05,5.689222509846897e-05,0.056727228041068334
117,0.00019200600372775863,0.00025369096373647744,0.00038653736716516725
118,0.0028856585545455416,0.022447090109765106,0.023310230804178978
119,0.01383501971705278,0.03282136655291785,0.002112702271942062
120,0.004766846738022164,0.04733570405375017,0.0022056130156852733
121,0.0013516324779858267,0.008252573717200338,0.04134928757838776
122,0.002141662020607335,0.002841376656001751,0.0035064377520339293
123,0.000494354572517934,0.0013539575551205318,0.05555233827425409
124,0.00019732940391436403,0.00023936376957050745,0.0011326788756678835
125,0.00040389730447024785,0.000530792450435407,0.0023121915122144665
126,0.000469426753494387,0.00031455958854012083,0.0004813740880575263
127,0.0023753103671140057,0.000759684210718086,0.0009774369736655494
128,0.0018903902050055599,0.00035725493953650767,0.000623774548245889
129,0.002710131778256723,0.00020488467778439996,0.00025649013863806403
130,0.0003355849794054195,0.0005021936151464548,0.0008905587496817412
131,9.397607214323947e-06,1.9677370215656757e-05,4.75013603631701e-05
132,7.527465563955844e-05,0.0003180681939188729,0.0010343208056887308
133,0.000998240862584385,0.0004568198137766161,0.0004889325751982512
134,3.576197474597975e-05,5.568531798732156e-05,0.0015171515545645963
135,0.0003221951027985153,0.002718993973564936,0.0005731526571568597
136,0.0008897425881424001,0.0017976306013836219,0.009813507008636818
137,0.00028256507937192985,0.0003285274248233904,0.0004276483372530399
138,3.870378282011748e-05,4.5148997375081594e-05,8.00905033301845e-05
139,0.00040098673352057673,0.0004915813517816227,0.0006989950197455538
140,0.00011689537793820894,0.0003050413687621698,0.0005502718118655005
141,0.05050523517919237,0.00618055719862966,0.0004652495571605984
142,0.0005034165884447099,0.0007010161917784464,0.0032586014759948523
143,0.00011340160651165409,0.00014463415720327764,0.00021128950566372942
144,2.9499292448506814e-05,3.2285994036920336e-05,0.0019433525624255737
145,0.0579631627166228,4.4716834310923194e-05,1.939579691123273e-05
146,0.00031838970788481563,0.00016399013058654343,4.7318847521864514e-05
147,0.0015587153487106502,0.0037358321581547273,0.031067061468810934
148,0.0019980957123139887,0.0003413438170903515,0.00021555863626597773
149,0.003187269049128449,0.03098688848003595,0.014063867976588509
150,0.010040140686339256,0.04213317077249932,0.004896981855452285
151,0.026481335795179462,0.006943989477657802,0.0020674177368661356
152,0.0038142876488897527,0.001803377753349281,0.0006119224941492925
153,5.289330853385447e-05,3.4319736970124786e-05,3.0198631214927604e-05
154,0.00035589244468957684,0.00043961540742101096,0.0006225434940664086
155,0.00036721342384927444,0.0004426678185856101,0.0006261491160815083
156,0.00010018847179165664,0.001050651152796402,2.4359643905529623e-05
157,3.3640830137414704e-05,4.048786875409443e-05,5.6360789785347896e-05
158,0.00038639871763129806,0.0006121580030889034,0.002915417799136679
159,0.0008693613559712516,3.7780048166715524e-05,1.0430251593932945e-05
160,0.03919342062806473,0.0033849678613074373,0.001230704827781589
161,0.001697525562426926,0.024853364181557744,0.020799759707000813
162,0.003168751747447239,0.032773388473477785,0.013938917136058231
163,0.001265488138383745,0.0028373947668051424,0.04483727882404543
164,9.5411728470266e-05,6.569219142866104e-05,5.5372553675293314e-05
165,6.948743100911779e-06,3.280893348578297e-05,0.0001024359643729218
166,0.00038972926951730193,0.0009396512033575526,5.396119752719896e-05
167,0.0013799139198453956,0.008695121972403737,0.04545151777583766
168,0.0013350068236361182,0.00024005168698678692,0.0002030305905699143
169,9.33246164431826e-05,9.305088822419806e-05,0.00018591993963598368
170,0.0003031674965670328,0.00022629334103728277,0.00015477582739552341
171,0.00015607983885578455,0.001903025753776946,0.00036185434613613315
172,0.00011837344527729603,0.00012611228931070511,0.0001497135471411075
173,0.00011386377922658483,0.0001551669777791997,0.0002491744007357103
174,0.0026757337525793404,0.0015272732128377058,0.0002127897973889657
175,0.009394654096366264,0.0008133716100312608,0.00046487138608749
176,0.0004887956994314467,0.0006278339634297859,0.002080596744338804
177,0.0005824678548063949,0.0009362125054872417,0.005182158436651284
178,1.899571495263171e-05,1.6879382152076208e-05,2.068696544745659e-05
179,1.1350844441761159e-05,1.3077504508952058e-05,1.651488403980991e-05
180,0.0001167061232202463,0.0001672143127082088,0.0008003789064624558
181,0.0009479129838528066,0.0004029819389374731,0.0014868192422044918
182,0.0001711617950610981,0.00035958078145874984,0.0007928293197032635
183,0.001154402204457707,0.0001266101657382921,2.1886019603488886e-05
184,0.001997725901542902,0.0005890953205455364,0.0005705776056265611
185,0.0008416570176273102,0.0014230847166613596,0.003517879461599844
186,0.00013718519340803344,0.00026289601512650626,0.060686626803582
187,0.011044814365231184,0.0373417813482611,0.003088442671547944
188,0.00040041541968884,0.0002832876401464792,0.0002521509659559481
189,0.0045528439884474576,0.0060241281057033975,0.043773194941149424
190,0.0016603039609501267,0.00011373034609010096,0.00682528710462632
191,0.0004421341299783857,0.0005104593176070634,0.00026146302345456004
192,0.00045546276678742404,0.0032126627275520835,0.006589570544725978
193,0.0005364348521000969,0.0006113000368864884,0.0007999464484145965
194,8.833809539237485e-05,9.965191396606723e-05,0.00013499559263554267
195,0.0003481587232760299,0.0003029626040907921,0.0003317231021011619
196,0.0006511006057060516,0.006656337325690208,0.002743447985449953
197,0.05410964562926892,0.001122127992748462,0.0007686094988103784
198,0.0024105683852624973,0.016986600289069162,0.029555437011411285
199,0.0006179160008783347,0.0005515174305184106,0.0007100706881636785
200,5.367154749184824e-05,7.064270079424477e-05,0.00010696770383630884
201,0.003132453266595755,7.161736994396716e-06,1.6609358252424528e-05
202,0.0004720322499966871,0.0020279693792460236,0.00039126920545186003
203,0.00712305048424284,0.04251580283855356,0.0019488501108594102
204,8.596436976893226e-05,6.622714280853316e-05,6.405348576211298e-05
205,0.001821601137192319,0.0009520935881598636,0.0016311597672726602
206,0.003677319332880402,0.0009965639165590559,0.002499393519465933
207,2.6537813037099776e-05,3.4822207129716177e-05,0.0001588711656503767
208,0.00044966305948258725,0.003461141974729914,0.00040893089846686796
209,3.030108142403966e-05,0.0012346406484070969,0.0002279304675989239
210,0.0004989804763931353,0.0007474648486178516,0.0036079499593574317
211,0.0014981709199783277,0.00027412315774781246,0.0009613196013876294
212,9.218867352834023e-05,0.056678871800436514,0.001198297200476155
213,0.0010794841672666154,0.0028985529215596515,0.03834475038391462
214,0.0006749273470582114,0.001118452914276557,0.003069678433644613
215,6.086662544037541e-05,6.754564698986634e-05,8.219963705243953e-05
216,0.0009162785027567252,0.00018189581390886167,0.0001956756547332249
217,0.00023670474800599123,0.00026860009468387974,0.00037142320260013075
218,3.7674378184939344e-05,0.000138859468374601,0.0018290545688000035
219,0.00014051751065569297,0.00047128532830961387,0.0015645429375415706
220,0.00010525685361044114,0.0001743265569650114,0.0018780106043355005
221,1.4437727375112669e-05,5.505232970909595e-06,1.40283341511804e-06
222,0.0005040230134698282,0.0008180389600909361,0.002041118234326264
223,0.0010765178536425034,0.00018032522533503785,0.0001073188358696948
224,0.0010996408517569647,0.051577384457317625,0.0026254114478151507
225,0.00045755190485984216,0.00040581240230157234,0.0006525219447739459
226,0.00021518855019159703,0.00020186726837788737,0.000222209962578409
227,0.00016227114713715467,0.0017402737316044169,0.00046635225469595157
228,1.1968201161002076e-05,1.3275560441438316e-05,1.5878869027229758e-05
229,0.0007302799658693435,0.000549563809270459,0.0005391486254858565
230,0.04843262713192391,0.004181185278927337,0.001257255139405992
231,0.00014838565660141743,0.00023035138635120928,0.0006980683642410341
232,0.00020859764900100168,0.0012292222329915118,0.0014002071735316583
233,0.00044144165379619133,0.0007980184973480056,0.002240492369254414
234,0.041607325774391406,0.007929578598914733,0.001305563248448887
235,0.0010257803252639913,9.560151459689791e-05,1.685103581714875e-05
236,0.0004906965734302533,0.0005128506128017954,0.0006234893899947354
237,3.728148803953778e-05,1.7384676881595104e-05,1.256661724242261e-05
238,0.0015450876321885933,0.00042628123621461523,0.0022746348410146834
239,3.715224851018159e-06,1.0141690356352752e-05,2.7379207870080415e-05
240,0.0024128290176649945,0.05522381686924905,0.006838128063598958
241,0.0004218531824752821,0.00029209711693862323,0.0002253553626105336
242,0.00032097202141069585,0.0018526109139993725,0.053907836844170214
243,0.010307709736770207,0.038089274101820954,0.0024544140091094318
244,0.00014842144128088884,0.00020491704934159997,0.00036577074822657604
245,0.0002275706205381346,0.00040093126431448034,0.0001112600532014247
246,0.0012140691328005975,0.0005319169412416327,0.0007509006579280475
247,0.00021971169674708446,0.0002381270248260188,0.0002815457731564233
248,0.00343926268077311,0.0005642186982663886,0.000454172482053723
249,0.000238899630008038,0.0039048424140185607,0.0003430785528833019
250,4.198954526869612e-05,6.752391235161262e-05,0.00012058625864384655
251,0.00046570009599952614,0.0052555710104289135,0.00011904815440009239
252,6.313243836105232e-05,0.00025573916712428376,0.0009021765054681719
253,0.0006044131440323003,0.0005815280278995762,0.0006587460804225726
254,0.00042190095774154515,0.0002585788208660501,0.0001954610466741757
255,2.3718806877527062e-05,2.5645615276236077e-05,3.182343553829397e-05
256,0.004025379277950714,0.0007762365394500175,0.0012018830454808979
257,0.0005718068125725797,0.0007661440287851742,0.001335996201438455
258,0.0002023303465588672,0.0007163024044383803,0.00017367635017884482
259,0.0005816578351003398,0.0026157466827892153,0.050157032336231054
260,3.842604435118498e-05,6.490288730123917e-05,0.00015028007051458398
261,9.834724582748696e-05,8.067156983665928e-05,0.0010445942121069729
262,0.0005729386729573308,0.0010036964471351615,0.007151585488409725
263,0.007830096074497634,0.00038232470562505857,0.0007087000368397532
264,0.0026213304522507957,0.0007487394522913017,0.0009942369461227226
265,0.00047732284391512704,0.0014187278564361668,0.0010806885765339896
266,0.0005601685940282517,0.0017099352207849236,0.06829277593452689
267,6.71767267592146e-05,8.459939058891789e-05,0.00012505931882776688
268,0.00020164053506752788,0.0006439857665261971,0.003139640484289165
269,0.0001983262212999401,0.00018970288725329498,0.000256563749920372
270,0.0001797097157303655,0.00022347672093703103,0.0003300783036023075
271,0.00015727700937854717,0.00020750751381510407,0.00031547816977219007
272,0.0002868341868387716,0.0006947115162068105,0.0037384988056874736
273,0.00010426002648621143,4.9699125819527946e-05,0.0005420942556934895
274,0.0003917821025675165,0.0007295378443844888,0.0027974905350680148
275,0.00013231493728470126,0.003706021979846424,0.0005363019410306408
276,0.0004371830326999657,0.0007483602347090818,0.000116060022918369
277,0.00045534268186481805,0.0020207192583131368,0.0005138871754409755
278,0.00012214209304681838,0.0001815590822310728,0.00033638414784592914
279,0.0005057841445391916,0.0005570847754572851,0.0007757987882017635
280,0.0037675460569438963,0.0007227412621570333,0.0009619892770397826
281,0.0012980442318605056,0.00014867562362295958,0.00011919449918278933
282,0.00045077538174073044,0.0003472523311856429,0.00029681345327883525
283,0.0006228076147253471,0.0009261214409837946,0.002379860659182953
284,0.0030972354099749935,0.0012272787334118317,0.0007644238487799625
285,0.00019560358810001127,0.0007472909967899625,0.00032110360473180726
286,3.869471412139264e-05,0.00033261007753374717,0.0014618996510347983
287,6.535616893127085e-06,1.0044714454189809e-05,0.0020347367331052958
288,0.0002723986035757691,0.0003411293251220696,0.0004966136862174288
289,0.00015053180841000465,0.0002306082142619538,0.0004472108155625729
290,0.00011733191714241065,0.000231705109961368,0.0029040035079399263
291,0.0037226653971975093,0.04624326631342498,0.0023295115771171404
292,0.0029002509389780464,0.0012342389860884606,0.0010369210605879144
293,0.0005472708745585668,3.634350077392173e-05,0.0006874143314374992
294,0.0003414953883773198,0.00043054339890878396,0.0006365184493215084
295,0.003925080383864527,0.0014372641458196276,0.0007719990060744735
296,0.0005871177436868468,0.0010569750346016411,0.0028943472587715214
297,0.0003303127964651743,0.0004010417690217227,0.000544476954854469
298,0.0006999981209577767,0.0012329425262442239,0.0035663368813382266
299,0.000579356951764115,0.00233892879863033,9.903742947482488e-05
300,0.00030554813946527515,0.0031313960378795687,0.0003500464729663644
301,0.05929641307559395,1.078766014525094e-05,7.558340804287305e-06
302,0.001335520769182933,0.06308158816536248,0.00029723688914067166
303,0.0002525063052844345,0.0009125742491937169,0.001060780104432775
304,0.0030936207659763917,0.00020553845245132595,0.00014933914015486513
305,0.039334799576748083,0.013080648103131136,0.0017406371350821403
306,0.003944631272398918,0.00012489506071794364,8.508063741590695e-05
307,0.00036128407320045386,0.0006894275269193019,0.0019407715479885233
308,3.1210416063492586e-05,6.374679332032397e-05,0.00016866161838243208
309,0.00043925307311930625,0.0007612345131570031,0.001827486220311789
310,0.003816126932424869,0.033349326875282845,0.01951632422933212
311,0.0010293370270160569,0.002868226537392215,0.047995972036328986
312,0.05111534260097006,0.0018327608310396955,0.0007318697336267545
313,0.0030715229711644394,0.05105283896418463,0.0019854952716538217
314,0.00017877462628311327,0.00015204237791807863,0.00014135528409553095
315,0.00028831224145733523,0.00020919478583956744,0.000225256596589044
316,0.0017649784815289555,1.2315451722986822e-05,6.235073459296729e-05
317,0.00013000585759932918,0.00019327372388360786,0.00033814907842695427
318,2.424522382406066e-05,1.4899648420870853e-05,1.8732686166624567e-05
319,0.0004951454522556803,0.00038290010284380843,0.0004109794708931664
320,0.00376704673196032,6.476857054758544e-05,3.916206954792252e-05
321,1.9485840238011757e-05,2.592070694141969e-05,3.975515700657323e-05
322,0.02184893524807439,0.002469790018671962,0.0010634881843069402
323,0.0006831959479636732,0.003163978364665296,0.001209943935582019
324,0.00033697872397613657,0.00045133699193601005,0.0005900683780281177
325,0.0019162245864328402,0.007544435886286559,0.00409730192829158
326,1.3330185274468153e-06,0.0005350697016252785,0.0007460891866391768
327,0.0007379003248974064,7.321183839508499e-05,4.8638642624800694e-05
328,1.2492526673285196e-05,1.2994664757729865e-05,1.7753973560772158e-05
329,0.0007441080324352352,0.0005096633753434164,0.0040823386752311674
330,0.0007932559216126384,0.0001297210812454514,9.243412795280703e-05
331,5.461736250008061e-06,0.00034420624180626745,0.001079648970402934
332,0.0004633685702731774,0.0005644820456081722,0.00394399895017638
333,0.0006420007366049126,0.00011874483706722853,0.00012847439435283777
334,0.0012943666666668896,0.0007813060633369283,0.0005620388998757626
335,0.00010390431190962234,0.00017445278464883458,0.0005242482126862361
336,0.004270449573817334,0.0004208263153659625,0.0007957711121371538
337,0.007153111270476242,9.480644307797317e-05,5.00681390465414e-05
338,0.0003636678130802957,0.0010667018202070013,0.006943977663530764
339,0.00018202676358561914,0.002228581393040893,0.00025007394996016605
340,0.00012010915650226289,0.00015587042672866348,0.00026336551603127354
341,7.588176820001608e-06,0.00043459528736770637,0.001268525842857786
342,3.324559871770308e-05,3.70859813545168e-05,5.242417350922697e-05
343,8.836490379403572e-05,5.831078964102417e-05,4.979001807490429e-05
344,0.00044270624107677477,0.00031368915257131314,0.0003162837306520287
345,0.00020691544564945287,0.00014387404034887577,0.00019532281878556173
346,0.000188565918305859,0.00021261597252721984,0.0002720279526479532
347,0.0001567433984077238,0.0018050381911581268,0.0019346575196779873
348,0.0005724662441224111,0.0005256281729162326,0.000617092888464354
349,0.04795845623368287,0.004445121029794361,0.0006270501741979197
350,0.00015558873698604472,3.594708511233182e-05,0.00021395717192660557
351,0.0007656563446759017,0.00013349326329396155,4.483650108713437e-05
352,0.002873310163194672,0.025233075679089736,0.020981521149802083
353,0.0021803032168791754,0.05222212000474971,0.004136618397366536
354,0.0001389603150085977,0.0002640489118995272,0.0005522410612732988
355,0.0011110738491243164,0.003002262922488452,0.0407834424508304
356,0.0017372332748830746,0.0002613725200666449,0.00033750591426576915
357,0.003365490069806409,0.000452884947261286,0.00028110773590143837
358,0.00039282683287280505,0.00045601259030917095,0.0005877310365646623
359,4.3312335120780824e-05,0.0010769316390833647,0.00872601393076015
360,6.513750086945038e-05,7.538882423397354e-05,9.895703575305828e-05
361,0.002911478307988185,0.0009726141202189576,0.00028316669564819227
362,0.00023312404367055602,0.000269638907820601,0.0003472393705095223
363,0.0001360197637343918,0.00012870169029451784,0.00013836806710940399
364,0.0007441046609385077,0.0002448940260153905,0.0005775711756048725
365,0.0029270182509728735,0.00034000639207690974,0.0005756959814901264
366,0.00037442682384821325,0.0006851124256417459,0.0019861239477936845
367,0.000726038949657691,0.001001603530504241,0.001773778129997142
368,0.025109701051178865,0.0021995741854675638,0.00034629056042356787
369,4.121943402608446e-05,9.505440458421985e-05,0.00044231857108208156
370,0.0001582098905535299,0.0049032588082039376,0.0003103694560469403
371,0.0008981605799172846,0.0007914999989292943,0.0003329843096379856
372,0.00017133774387428569,0.00023014527865050096,0.00035755856137514175
373,0.0003583046755777305,0.0005098019201352125,0.0012742566008116588
374,0.0002445554720595606,4.289559581603233e-05,2.2381358569956277e-05
375,8.271395690556973e-06,4.172145306702384e-05,0.056184175307899764
376,0.0002009143498096989,0.0001839721639488369,0.00019031085174005765
377,9.838932664371809e-05,0.00013051357627596904,0.0002014979770192673
378,0.0013731191644363104,0.00010575130190416947,6.420146387031795e-05
379,0.0002907474526825555,0.001929755507447554,0.00036790013070365493
380,0.000166400445943622,0.0001763826216398788,0.002017014911540827
381,0.00014930030864043273,0.00017623209995501718,0.00023166588472397755
382,7.492752771224879e-05,7.269915673609419e-05,0.00011208691735740161
383,0.0005737278708045148,0.00048019791161166194,0.00044423211553025634
384,5.8874961619924794e-05,0.00010235834906429643,0.0011247648173526384
385,0.02230610935692508,0.0038127209228082317,0.0010690539689665122
386,0.0005459291085818455,0.0037236604220988725,0.0014214272941521495
387,0.00027888945462779287,0.00253771359145059,0.0006849148927984232
388,0.00032488352070505805,0.002043124517913639,0.00033145206291049917
389,0.0007655925123655292,0.0007383319734167675,0.0021337791818049796
390,0.0005589039075323721,6.516522658045694e-05,0.0003115345800162918
391,0.00032554818190131486,0.0004419404034392977,0.000690694186487429
392,0.0003169688502487579,0.00042117950629140213,0.0006445616634414659
393,0.0005667073592737591,0.004314738258012075,0.003984038842125363
394,0.0005463679552298956,0.0010426456533279773,0.001404389040224612
395,0.00012364956624104313,0.00014172392820967203,0.00021288683051441838
396,0.0005757499337729066,0.002320632923432364,0.002477461657082657
397,0.0003234700055233796,0.0003518084227474356,0.0004894774179707246
398,4.2478233341141035e-05,0.0006351395116735318,0.0003239372315673253
399,0.0018992253275635928,0.00023745604499791518,0.00011782164079211629
400,0.00020617966224127998,0.00032797008843540187,0.0005160780840641999
401,0.0028227493524305113,0.0004440969451112722,0.00028229681091588655
402,0.001166766765244335,0.004877081072475605,0.012934408801946067
403,1.9042657524449054e-05,0.00105101768636326,0.06189744652771137
404,0.05786851381944261,0.00010778107445202651,0.0004365655437623746
405,0.00016086460117846772,0.00010806835757153462,9.108933822931105e-05
406,0.001666305621235207,0.0001877457185358239,0.00017917847034374705
407,0.0017008188246552074,0.00041898564842784964,0.00014458748070312493
408,0.0004665834181980903,0.0010266251871616924,0.0007308581983830908
409,0.0016205600331621608,0.00034335388765105695,0.0003117997532993789
410,0.00015000279034864562,0.00020142204731034456,0.00031236791833801536
411,0.00020638491581863465,0.0012866159302638489,0.00018236571468056048
412,0.00010546526031053216,0.0007323216396260758,0.003387419347178753
413,0.00020999942016549183,0.00034164987274794615,0.003336877072860954
414,0.002030526983627146,0.00041889585148393785,0.0031057973055868275
415,0.0066396694440576135,0.04412770900041839,0.0025232354444202636
416,0.00016439479898925808,0.001685999862958472,4.062427022608297e-05
417,2.0497763913065946e-05,0.00013189679287283878,0.0021945306879251297
418,0.00021952501215597573,0.00025720422856480074,0.0003488589854372629
419,2.0175045763136837e-05,0.0010509535648633298,0.001379545101418467
420,0.00034233729190600687,0.0002642544825251468,0.00027651736390073853
421,0.00038241976165461253,0.0005042174087510767,0.0007654805916826274
422,0.0022989575509552948,0.05126324555092368,0.0010851262166619172
423,0.00047647077175334206,0.0013646310433168697,0.062343904603217204
424,3.282152416356699e-05,4.9522038773587495e-05,0.0001018109227692672
425,0.016815551241963985,0.029932885304209168,0.002977131785007213
426,0.0005054163497548392,0.0005243244152875919,0.0007834338334783489
427,0.003470730182507679,0.0006441655392221711,0.00075070009340499
428,0.013918373771573322,0.032818542422048465,0.0035413187820370275
429,0.0001559185082701779,0.00015941292673956678,0.00017897162683478763
430,1.0102401649563607e-05,1.2830550799080476e-05,1.9572516417939805e-05
431,0.00030281303402846297,0.0002584968631810809,0.0002940891469517814
432,0.000556405720718674,0.0015151296769442047,0.00960448921952447
433,0.0005895017724338481,0.0004869737068045091,0.0005418701433700554
434,0.0001375379745640406,0.0001804067083906184,0.0002734697488803889
435,0.00044755112673028016,0.0013107062246887138,6.13099973864608e-05
436,0.0010537234343560074,0.005938654799633165,0.0465226405831372
437,0.0016261688781335252,3.2474395803740634e-05,0.06062475589368934
438,0.0012248478795222758,0.01517277733254671,0.03133507219564407
439,0.010812212586407046,0.0014980929213023004,0.0004960324100056686
440,7.545785638980791e-05,0.00013525203314906578,0.0004453515957039593
441,5.015588854537752e-05,0.0012384415587812403,0.000186324543707343
442,7.910339386948883e-05,0.0001233758142013135,0.0002454169365898665
443,0.00012766757018230557,0.00015660018648916413,0.0002740215742056197
444,0.00017516130875095084,0.00020947046066093094,0.00028319258263530153
445,0.0010536657334788543,0.00014829644575053985,0.00015523422756014442
446,0.00013566985553517305,0.0001594069176442601,0.00022519559673435846
447,9.434745013268365e-05,9.941583486630401e-05,0.0001246998926413581
448,0.00020431287726328922,0.0002320443042977843,0.0003477511410762424
449,0.0009178618598898804,0.005081036275493332,0.0014837449009481622
450,0.0005713810163694266,0.0004123027637357376,0.0003672489780832944
451,0.009272100505877555,0.001211986338200948,0.0006981273792455218
452,0.0001083354697581805,0.00014394381989900963,0.0003490870385344264
453,0.0005891511639663075,0.0003174069978051471,0.00010241391783539477
454,0.0006988849423554957,0.0010630427139049275,0.0036202585544286865
455,0.0023006799688652076,2.169657276046736e-05,1.7150293507826242e-05
456,0.0013402002708059746,0.0005178739209927124,0.0009902256336335746
457,0.0001046036805123887,0.00014089034491926257,0.00021261859251739415
458,3.223218571693976e-05,3.3912632825717904e-05,4.287858396774812e-05
459,0.00040326675798181864,0.003033846603947648,0.0037730519322979887
460,0.0005627778685333225,0.0001794108228684567,0.000151141551593056
461,0.0007706283828900137,0.00572317840417835,0.0007784433012430602
462,0.000900209365979988,0.0005140531221497309,0.0003975836717031851
463,5.148558446513421e-05,5.295591516599853e-05,6.105969068701322e-05
464,4.758640390691186e-05,5.5832428039416835e-05,8.867500309569053e-05
465,0.00019298495262950652,0.00022895188212440607,0.0003150701527425335
466,0.0004441478963816561,0.00042194927227609904,0.0005309456505665914
467,0.0012391921473505528,0.0007249697873262819,0.0005192245834685499
468,1.824442138700187e-05,1.9267938206868363e-05,2.5043168773920336e-05
469,0.0020889213567381946,0.0004907907998139568,0.0007440210320528367
470,0.0008786638924853106,0.000392165725550616,0.00030508625114661326
471,3.893550319796757e-05,5.166620782962505e-05,7.899401870963605e-05
472,0.00013899908894477074,0.00022286274381505265,0.0007882601642080368
473,0.002431117016088176,0.05557414991760513,0.001010293796632874
474,0.00027426747085988046,0.0002574016242609355,0.00030014047261407186
475,0.00033987493514712775,0.0002467230996914958,0.00023890252629065687
476,0.053278794070893275,0.0019793450171595585,0.00048476089010751947
477,0.0018468808639297393,0.008981636451101217,0.0010725202388707005
478,0.0015165640596142655,0.00027009440877592323,9.083017364474619e-05
479,0.0003818539476685207,0.0008906276276863318,0.004713472191096967
480,0.0008950367275145762,3.826229386236517e-05,0.07088624891096182
481,0.03830693737607342,0.01032302732075493,0.0014672042679945987
482,0.0006458655920549756,0.0009605923883774774,0.00179815787999522
483,2.289797106336153e-05,0.003133737909689862,7.416518602902995e-06
484,0.003775901838107946,0.0003480597364546765,0.00039235298218575206
485,3.145995278707023e-05,5.180669785042344e-05,8.150674149248485e-05
486,0.00036974157262374533,0.0004660928445757066,0.0006734633747936767
487,0.0007460185585949488,0.00041477111994347353,0.0002439441281192278
488,0.0007995295428698212,0.000776664321709646,0.000984868896382841
489,0.0003047451779015022,0.000284009585649583,0.00035380079978226253
490,6.254657490508061e-05,3.775206158447213e-05,0.0016801610461561049
491,0.0009467688011321692,0.005477941577802659,0.045931099383304495
492,0.0005499472155008147,4.009864870912939e-05,0.0006362745950520917
493,0.00021597714314383436,0.00021373332425330717,0.00036401975963202513
494,2.8373991704881993e-05,3.5241657663260334e-05,0.001886098807557979
495,0.0001358780101604091,0.00018034497773619047,0.0002726884773803144
496,0.0003596590511104961,0.0002182724142484466,0.00016925576364399875
497,0.0023283525486931414,0.001242926777886501,0.00026499686991575524
498,0.00036243288888737277,0.0006503520914202264,0.002919962025814487
499,0.05682483861588893,0.0005129149127477,5.8867400680466186e-05
500,0.00020881236981553185,0.00040644069135960297,0.0010069931982265856
501,0.015635374968663178,0.0035532594467449453,0.0009487192983255522
502,0.00015255096311621484,0.00025646446015041775,0.0007145058420507896
503,0.00013284485276242246,0.00018934446934552288,0.0010021299240574823
504,0.007651859231597336,0.059716154499074754,0.0024402127872132813
505,1.5078956143096916e-05,0.0001928434808480935,0.0011044886244240286
506,0.00010707712044727432,0.001344755089802714,0.00023548385267047753
507,0.00038935691362868105,0.0007049595121997606,0.0020156152571837887
508,0.0009649684303389705,0.00019729718555855857,0.00017096391399334764
509,0.0016702052708346537,0.007886949533681355,0.046107123430055665
510,0.0009548783749908941,0.000438017857906326,0.0018053041173914759
511,0.05767645631882361,0.00029990257397596284,2.193884491332325e-05
512,0.0005970835067094989,0.0009042227882503016,0.0017245433444604582
513,0.0007787511592635114,0.0008613913747799641,0.05620204337133651
514,0.000621799758569574,0.0008479075301482653,0.001905842032507548
515,0.0003641741801280462,0.0004913893446750335,0.0007462004096975636
516,0.00026861425436318034,0.0004150389626639383,0.0032188618752590006
517,0.00023183795326500264,0.00023801271120076555,0.002573695052418577
518,0.001322829320370388,0.0033637221711635412,0.0332152545959562
519,0.0002920922897614346,0.0003980130850477655,0.0007295102368057314
520,9.240085518005814e-05,0.001969807595807202,0.054060971106950954
521,0.0011544041807610987,1.1044511581125433e-05,0.00027064219521514974
522,0.0002869393774898053,0.0007112467447239134,0.0010033448789902551
523,5.976035114480458e-05,5.692388777154199e-05,7.637335983751503e-05
524,0.00025689420013678797,0.0022758967576595387,0.0001784307971959183
525,0.0023396992146614464,0.00027895166430480533,0.0003748572773007578
526,0.0019887008725394274,0.0006206667817779955,0.00072475094432495
527,3.851222919138798e-05,6.25740841006129e-05,0.00011854846201175306
528,0.0026851380251208816,0.000516340510003531,0.0003198829314633271
529,0.00023528017104165104,0.0003056437177648836,0.0013439664218827959
530,0.00018577432119593946,0.0002457632900906799,0.00037483611397372534
531,0.00022497615137555895,0.00035296545770204316,0.00320010592640155
532,0.0002289714015684362,0.00026933726690482737,0.0003932499890191884
533,0.0034684206568519893,4.630842953667412e-05,1.9611099202193087e-05
534,0.0025794706411631416,0.0005449041561323882,0.0005019964891396915
535,3.876899290263088e-05,0.00014517043671013504,0.0003386577368938714
536,0.001322558720011131,0.0031631927602188076,0.0006248847711203211
537,4.013102542450186e-05,4.570879323441543e-05,6.098035820569328e-05
538,0.005445421822396709,0.0014683872641195607,0.0031360675430853677
539,0.0008865774097801516,0.0006164193754221269,0.000451542061408048
540,0.00018060615600854344,0.0010474337782244226,0.00018809115600400096
541,0.00022278890951299237,0.00013940301589089523,0.0007674404342180102
542,0.00547306877698423,0.000713918790787434,0.0004985823628570645
543,0.00011693242551719243,0.0002467397451959844,0.0017734355607642027
544,0.0009495242917952468,0.0011251053067800555,0.0003691490401342401
545,0.0006545089147039985,0.0010651569497402505,0.0029013841913824224
546,0.000460199499451392,0.0001398491367943839,0.00010711861502355182
547,0.001872217765117062,0.0007171151422588264,0.0010496637363041415
548,0.0011482822910560183,0.0005771275402430092,0.0008710739824256145
549,0.0004629031608003286,0.0005186997893245293,0.000643062399106912
550,0.00010866162649911735,0.00012976394700388302,0.00019973651123441366
551,0.06297653424960183,0.0016205624237941862,0.0007009088469615913
552,6.356692720412971e-05,0.0001274593105723002,0.00043872721538454584
553,0.0004729348204135139,0.0003503129843152136,0.00028778029212961223
554,0.0004821377936776796,0.005324133381455766,0.0015915104283693012
555,0.0020856474685141705,0.00014911479403000648,7.767503078041564e-05
556,0.001485034609864173,0.0007991817057335627,0.0008421231956838302
557,0.000648481390073027,0.0033812443577678256,0.00016179170029270474
558,7.237346396071921e-07,0.00012629994601918827,0.058234838938372675
559,0.003070572534623369,0.001009362843542265,0.0007022223208427453
560,0.00016895621331525755,0.0002286099340442957,0.0002869175954174004
561,6.017921805670911e-05,8.810887301267524e-05,0.00014420280290862553
562,0.003793951301406584,0.0020042727245621096,0.0005643788074637183
563,0.000198252355281754,0.0005252817927396495,0.00034469221244035666
564,0.00012457338530011725,0.0002449086659525384,0.0025251717084259404
565,0.0004665863104820818,0.0003684867595277851,0.0003174928799229842
566,0.0021097637948768425,0.0008186042409425303,0.0012945633659555145
567,0.00018735437005184917,0.058316064347436844,0.0007039011711995512
568,1.2850972135596764e-05,1.6410558425239996e-05,3.12535725896596e-05
569,0.00012601517683910775,0.00035282001971792494,0.0007529877073190549
570,0.008558451150349578,0.001107558595873728,0.0010631334990423
571,0.0003477687726865532,0.0005198285620763331,0.0018035679649440733
572,0.0001173566727620465,0.00016808547872097597,0.0002969701861027609
573,5.208065407046603e-05,5.1254636901506145e-05,0.0012090444250141149
574,0.00017707317864609328,0.00022461788331230636,0.00032706554487916016
575,0.0004049726047329489,0.002015300638836509,0.0003540640661606891
576,0.00033982354532661785,0.0006929515829323912,0.0017795883941830605
577,1.4464493334474531e-05,0.00036496588603632626,0.00010592609472868846
578,6.257362851560135e-05,8.666094482727596e-05,0.00014837061245931836
579,0.000670944751766706,0.001005675774891669,0.0019025309984662113
580,0.0006088092439758381,0.0008277233420634269,0.00136009462345109
581,0.00012687549579818832,0.0004943931491307095,0.00018815798055966227
582,0.00042162506352395066,0.0005259937921451654,0.0007514989607498717
583,0.00028882672188588126,0.00037086540363420663,0.0005407838413119473
584,0.0002594036857832917,0.00019109602930029358,0.0002743683060743978
585,0.0002420220552275902,0.0003614332718419605,0.002598758751197805
586,0.0021640989958466804,3.282870730340711e-05,4.427143873294586e-05
587,0.0001254564620671022,0.0006787293409462604,0.002890517582434638
588,0.000424522120830328,0.000422684781297932,0.0004622721070529603
589,0.00012793546001871423,0.0001655524851550021,0.00025746078909199606
590,0.00013540472452647968,0.000144580248690028,0.00019223975154508785
591,0.00017064862138585892,0.00017927742313105495,0.00024380145184300125
592,0.0020910400925918133,0.000266245537499471,0.0003216721102160976
593,0.005357482337043534,0.00044531644176902844,0.00026758753450359537
594,0.00017503090586798152,0.00019336769395894926,0.001349862859607871
595,0.0002913570252570863,0.07993354996196099,0.00010158703717351501
596,0.0007930556308501298,0.05895869682414433,0.0005555850259745729
597,0.0003701645400801805,0.0003996159258730413,0.0005596948968738863
598,0.000510823215500121,0.0015132749782449514,0.00046664315284126643
599,0.0003394990351654064,0.000376440285905277,0.0004670217544542714
600,0.006572132769902441,0.0003340881669449621,0.00011717789366470458
601,0.0006428602926439203,0.0021240335208309712,8.182214824788851e-05
602,0.00017349756819522565,0.00016780779712639155,0.0005445163553166807
603,0.05756986276214483,0.000812718839315683,0.0004151306430213996
604,0.0008438729587792805,0.0005355567535874529,0.0006063955842116673
605,0.0005888695236437067,0.000696892568902545,0.000991598842995893
606,0.003484597926722739,0.0008939000009136656,0.0037861344260599365
607,0.0001968108721498319,0.0003879448783028596,0.001249484281723805
608,0.0029558134286635433,0.00124581474491448,0.0007464732515505747
609,0.0032590185115210575,0.04008952546003699,0.009122227683910172
610,0.0002042602389824743,0.0011459302693213797,0.055153139889834175
611,0.0014021814639273973,0.0040137363665384345,0.0474610678823154
612,4.756472292440084e-05,2.3433198842436275e-05,5.5302685122239784e-05
613,0.006353833713082831,0.025036644392233336,0.01563538573341605
614,0.0006008444104942983,0.0009038431039050299,0.0034477978031063274
615,0.0003869706996880241,0.00033694148037953834,0.0007430719869872327
616,0.0004031204363544693,0.0004060622131988397,0.0004626047925454166
617,4.28437811438529e-05,4.687398376202093e-05,6.547755672496344e-05
618,0.00040290666697230445,0.0007761461211494842,0.0020239903739402956
619,0.0003963143941148572,0.00014009685608524364,2.193540539794012e-05
620,0.05092683636191707,0.0019439244311563431,0.0005589718374915308
621,5.9390005658006445e-05,0.00014768047864273295,0.0007744979948091038
622,0.00946682516137147,0.03987470486430095,0.0029944731031837624
623,0.00026318911970469336,0.00038159972190093437,0.0007213968516335316
624,0.00018864269851351075,4.639512459369641e-05,0.000595990566921902
625,0.004496711561162857,0.00014905695971377926,0.0003569103206674181
626,0.0006202210811233885,0.0009012975788939678,0.0024323986515847884
627,0.0010243763598340588,0.0006246316152562597,0.001916984628929724
628,0.0005018822416275889,0.00010028750160542038,0.00011998607115857205
629,0.001556330483776734,0.00016184923444481744,0.00027141527102376745
630,0.00027537648928556776,0.0002752089934009391,0.0027724419767157504
631,0.000198342761208561,0.00028823947765156,0.003241591700993342
632,0.006549368928426377,0.0006063132168175498,0.000361854768828093
633,0.0003562330320110085,0.0023857493643890107,0.001593850852603659
634,0.0001991571341569876,0.0003289323410575075,0.0006737889939976794
635,7.112640346573619e-05,0.0027244977749520355,0.00016632486602340203
636,0.0019383242127862226,0.000982499066876087,0.0006383739991742203
637,0.0013102602548825712,0.001277086030213661,0.001864789740282677
638,0.0004545817200500745,0.0006007061600555576,0.0013254295661951818
639,0.001635411413845156,0.0026796286353435073,0.0004378599491470725
640,0.0015399373856129378,0.0026225921421413126,0.0029935599824702152
641,0.0002252270160335179,0.00023922735812473191,0.00026204169243537447
642,0.00017566493193793643,0.0002509085395227088,0.0026736743342367026
643,4.103208306362308e-05,6.695066197571783e-05,0.00015325659996095169
644,0.0008454919898980216,0.00044928714387534174,0.0005805370440229024
645,7.817855733920018e-05,8.37242325895852e-05,0.00011815060778779313
646,0.001636926400060393,0.0004087779665787773,0.0022683536032534228
647,0.00043836895686712787,0.0005103561308371122,0.0006131966865043155
648,0.0005851794618575705,0.000920448753590258,0.002191481145293922
649,0.005420144494808208,0.0009442224980778219,0.00048541740743009154
650,0.00048518376725268725,0.0007388444196799812,0.0011668359492641722
651,0.0001644885245817082,0.0001361782769768697,0.001875543575478396
652,0.0004278851492094733,0.00043193762187842215,0.0005120774205404705
653,0.0006605994153655362,0.00033988319848261454,4.0946387666490025e-05
654,2.2356732942157593e-05,0.00010767051260624274,0.00035763974294865635
655,0.00021583309003652914,2.1020287215713478e-05,0.00022270082784144605
656,0.0007281392620519279,0.001136814931016762,0.003910071478984694
657,0.00029134995210627305,0.00035124648086287517,0.0027683383383413102
658,0.005907255745378885,0.0006110141666981025,0.0017017814332350532
659,8.096996696124243e-05,0.00024315931942901707,0.0009031653734456119
660,0.0016434105564849155,7.433512993675188e-05,7.49871760680858e-05
661,0.0598877874054944,5.800215141024819e-05,8.899929320803452e-05
662,0.00017071069341628554,0.0003597641766617646,0.0001784477889904
663,3.926610119827466e-05,5.5512555627630195e-05,9.573928230013277e-05
664,0.002476644611192126,0.001000572643416831,0.0018384829542896911
665,0.056294137840724796,0.00023700147013504415,6.737428856755346e-05
666,9.621823665697045e-05,0.00014055266239668696,0.0002642609018887985
667,0.0011715529037399238,0.040615412178914706,0.005861345506731976
668,0.0005321528288348396,0.0003341399367996755,0.00035345609792806793
669,0.06924575035517794,0.000737381106423053,0.0005854601206618616
670,2.9805358826621685e-05,7.309084286149805e-05,0.000654707554308474
671,9.104475430555139e-05,0.00010311130485994497,0.00012909630029518573
672,8.898763883152062e-05,0.00015612485568775622,0.00073017689763267
673,0.0003344887306637848,0.0013827784809037358,0.0006047201166492053
674,0.0007151921395816901,0.001261536904930139,0.0032597177010645633
675,0.0004853011781215319,0.0008126099211826432,0.000632923582443108
676,0.0002351593035987667,0.00031954261323425875,0.0004885591333474058
677,0.0004936654129929114,0.0015182928770259942,0.0018458528963081757
678,0.0011580572664432903,0.003417478061620273,0.044497591893944456
679,0.0015760175837241275,0.0012960816930181478,0.0013737575758458922
680,0.00018337533693977808,0.0002640115156304302,0.00048137656220248785
681,0.0005775855522141729,0.0008830250150005999,0.002482834648280057
682,0.0002993212084295377,0.0025248587522100066,0.000719693286980826
683,0.00033041271256461856,0.0004511640201007367,0.0007345717927854951
684,0.023232030876402434,0.0027731245439804324,0.0011275446395375326
685,0.00172616543903931,0.0008133194248491283,0.0005715577215356355
686,0.00010033174011849557,7.45907163088111e-05,7.908024381031305e-05
687,0.00332676438709614,0.0013368111418696899,0.000843780042654598
688,0.00043938736691292914,0.0006657835513769599,0.0023873390458833106
689,0.0005536029856641997,0.0002980225319248932,0.003964368385297596
690,1.124129823117793e-05,5.6967599182250506e-05,0.057335915451350444
691,0.0004228411995046352,0.0015306475517977566,0.0003668302193018278
692,0.000482897483778257,0.000599908969702539,0.0008635451344507913
693,0.0001704525450649102,0.0002867886593585452,0.0006467317990976535
694,0.0003927594587177015,0.0005705506390137893,0.0010255830805066379
695,0.00012491904605780536,0.00014710517172699343,0.0020528288639904443
696,0.04596513061538942,0.005412056095641918,0.000824978427157699
697,0.0007475298633205865,0.00018348475063005142,0.00019837091570483112
698,0.002072655262538483,9.147626258683696e-06,7.424014826215575e-07
699,0.0008770461240450306,0.00022649698287993098,0.0003578309720249513
700,0.00012563991206344938,0.0007871758123706159,0.0023133302344791233
701,0.0023164535671025633,0.014214030968218777,0.0302135890981583
702,0.00024390800677568313,0.00016714382128296652,0.00013376053227973254
703,7.22113834059264e-05,7.54322175146946e-05,0.0001075892933862331
704,0.00013887916597880566,0.0001918119691843314,0.0003281296853470431
705,7.223514466243297e-05,4.997795624593839e-05,4.575592869692279e-05
706,0.0029466447758022822,0.030747137899409027,0.015583892971592263
707,0.0001735489646413596,0.0002667770286121429,0.0005445585368305407
708,0.004377014493833013,0.048337652781090264,0.0022561008508542894
709,0.0011722187806813696,0.003263853029115915,0.03328400072016859
710,0.002765688292469392,8.753338353448067e-05,0.0014998947367689539
711,0.0003828642333363504,0.0017062496721998407,0.000978945683868597
712,0.00018753559969132696,0.00020054715672017048,0.0002456715442910544
713,0.0030850693805332327,0.05042512495263229,0.0017396740651058357
714,0.00010674412084896948,0.0001608768727550007,0.0020430452167650077
715,0.001562997555345665,0.00594216868750752,0.02804167105355334
716,0.00011779404048621923,0.00016385448962029614,0.00025931423203412837
717,9.958419024653558e-05,0.00014438517009716633,0.00025246495611711814
718,0.00044403089956471036,0.0002455480379412856,0.0032801323997946902
719,0.0004699608020752621,0.0003907390024317122,0.00040707690271547825
720,0.0011612480375621738,0.0022282917718884103,0.0078045872970204265
721,0.00014210701765917367,0.00014948679253222314,0.00017318877210237215
722,0.002449850348403235,0.0003965386944848698,8.693685993980946e-05
723,0.003398260879018872,0.0005519058186731487,0.001556461442652906
724,2.1430450400314723e-06,0.00248890406417207,0.00023661439792297905
725,0.00031190659682688916,0.0004385943168819039,0.0007358424729863971
726,2.7865776518540395e-05,7.57459019189216e-06,7.308366230707303e-06
727,0.00014546603792802332,0.00018624923654522797,0.0002706425533252343
728,0.003099091287011406,0.0010669492420738813,0.0010689042468577802
729,0.00022508234544408584,0.00021990872294421084,0.0002620791535246289
730,0.054379133501097784,0.0022620189408146373,0.0008093373303943696
731,0.0004056932055816614,0.000497552705081355,0.0007011228076445418
732,0.0004496847746203992,0.0005672625185931673,0.000820727843779429
733,7.547205057593371e-05,0.002173845955263351,0.0005997927822599189
734,3.0336342680407605e-05,3.970987956341687e-05,0.00043611970762581065
735,0.03211406510351039,0.002127696409994581,0.00037145255450665
736,0.00010597210197880117,7.312363862466934e-05,8.310529567077807e-05
737,0.0003619598461124426,0.0004939216838795243,0.0007897425904407618
738,0.00026022489046232327,0.00010156315684365681,5.393253149223611e-05
739,4.404759163190775e-05,6.332794082836413e-05,0.00011789647687486792
740,0.005318970220304523,0.000851208815547894,0.0002648625885243867
741,0.00020644044330818406,0.00016561800511017023,0.00020529756771473645
742,0.0003075839031422914,0.0006412382350202152,0.0005177017652942396
743,0.002620327812507047,0.0011019141715457306,0.0006734054735714339
744,0.0005349110270154339,0.0007078703372012448,0.0010835401349207619
745,0.0004964913471539258,0.0026057912587418566,0.0004274127388145427
746,0.0013853720494203454,0.0002852799332292027,0.0002565619569691122
747,0.004807040544042189,0.03620948890356353,0.011708457863523425
748,0.0002552495674509374,0.00033846549526121255,0.0005171791379232977
749,0.00015607250749374513,0.00020454320622921872,0.001904567596377292
750,0.0012074471746500465,0.012540629586556882,0.042432828947182706
751,0.000121304575749378,0.0003538030504046349,0.002032503686181006
752,4.263167076961559e-05,6.15088388171709e-05,0.0006377086596397727
753,0.00030361518596313175,0.0004495321464048056,0.0007898098297924796
754,2.149504593796859e-05,0.00014198187938946986,0.06658396729923843
755,0.0012772070496393784,0.003192810335306163,0.000532958460476475
756,0.00032725531268098607,0.0003130707101138336,0.0003292812143769299
757,0.001234050150492434,0.0005072212480038517,0.00029451688676977023
758,0.0004850106013966937,0.002296683172846341,0.0007315033008102618
759,0.00034480832662095966,0.00036287201642855657,0.00042642582750248724
760,0.00022326036120724535,0.00036323610749326,0.0007219027414106567
761,0.00046768408369594325,0.0042180975020520445,0.0013608179576774157
762,0.00024128918105816708,0.0003611199797451531,0.0006732988766253021
763,0.0001053402071816764,0.0002899239599078694,0.05818302510325478
764,0.0011455732381420933,0.0005341536385164462,0.0007268580210885417
765,0.0013312465080599779,0.0006038849964888494,0.0006793945161150533
766,0.0005329161453726497,0.00030122266334508396,0.00016078844620390803
767,0.00017267399993295984,0.003934563732661935,0.002336403401067806
768,0.0002927213143895909,0.0002716843366838242,0.0002859735178158025
769,0.00013108823331495475,0.00015588220871217716,0.00021990009127487886
770,0.00010946481491612493,0.00074798996411588,0.056311026500079936
771,6.420310780926047e-05,0.00012034037845632864,0.00035035773172744603
772,0.0015921287513418856,0.0004939364144466991,0.0002463891038174058
773,0.00016172850404142197,0.0020071533749975554,0.003591088638682855
774,0.05911084168797795,0.0002071386017076135,1.5346333580120597e-05
775,6.585769287841765e-06,0.07935942751972648,0.0018930559476682545
776,0.00612247862547599,1.3342307398374e-07,1.579203606720651e-05
777,6.297191261045993e-05,0.0014709884144540595,1.7828850056349725e-05
778,0.00021704569504621784,0.0003152961809836335,0.0008458040995779888
779,0.0003284389672444565,0.00042730984407578183,0.0006329969566261506
780,0.0001042833269358232,0.00017083913986596323,0.0003873519123664041
781,0.0012103783032600317,5.601786557736819e-05,6.156353134596596e-05
782,0.00016318725677898506,0.0033065072966831435,0.0006746131116437705
783,0.00012744720969074072,0.00016924053668136534,0.0002536577574287699
784,7.638419740150257e-05,0.00014333977090467352,0.060264724438174426
785,0.0010777128507103585,0.05544320423809748,0.0011405769172455878
786,0.0005556876438500033,0.00045112686820025083,0.00045561168622564036
787,8.032864832408355e-06,1.2981400157750274e-06,1.9721170342397902e-05
788,0.0003960810634707966,0.0002931595858476243,0.00025387753143390595
789,0.0016024097085252,0.000631690434794934,0.000339184892378467
790,0.0005974582145616817,0.0008277784967955019,0.0025496743790896495
791,2.4713896592111934e-05,3.681207087749704e-05,8.80508689487305e-05
792,0.0011471309779275277,0.0030811621642953834,0.03820251241347661
793,0.05678784973737286,0.0011772983135314556,0.0033024142188041524
794,0.000209746847711305,0.00021218875195837448,0.00023318004191561577
795,0.025196798650420255,0.002429642997898709,0.0019466703629436165
796,0.00014113187827891383,0.00015526656763866696,0.00021204324887500264
797,0.00025359502547884084,0.0023081015362687975,0.00015462738820008184
798,0.0001564715131073686,0.0004119645927749628,5.833556501064128e-05
799,0.0023995103070274908,0.016231429932212042,0.030321990684039905
800,0.0015700740351656287,2.7130490903167704e-05,6.41806064433684e-05
801,0.0004304365493479898,0.0003422306117513698,0.0003051120953051539
802,0.00026885208073431505,0.00035751515474828735,0.0005481104364883499
803,0.0002130181375960099,0.0002831628792489612,0.0004345441866133484
804,0.00013954758758004138,1.3241531807793136e-05,6.422756883809219e-07
805,0.03979106981144459,0.009375565850307818,0.0013188805003347865
806,0.0004640067497089258,0.0007673945460940285,0.001549386539560868
807,0.0004181798976190046,0.0004768380922839057,0.000602772562985077
808,3.864217177415192e-05,0.00017134367958572313,0.057173883075054444
809,4.7952708747675475e-05,4.521000016373458e-05,4.7901166051080175e-05
810,0.0008685102309295152,0.0017133803770129428,0.006734785093951854
811,0.00032581375344176806,0.0003582979317038732,0.00042717613899607824
812,0.0005087553251667965,0.0017994855415461584,0.00018883629429943877
813,0.00036174438226410725,0.0019375066322150495,0.0008938614111839784
814,0.00013820370920687272,0.00015753850419145292,0.00020063315042825823
815,0.0008712981690318883,0.0005189670632549591,0.0005975701938498344
816,9.645752101936599e-05,0.0002411380253003698,0.00039832133791902895
817,0.0003467620112799833,0.0013529775791796537,0.0017054046435875203
818,0.0003642324590562053,0.0018971220476857705,0.0023241011570081533
819,0.0006787463124359905,0.0027136896432940773,0.003535115233826886
820,0.00043914220845188,0.00038825803351686446,0.00043563118049641113
821,2.463572199886651e-05,0.00015715335072805095,4.4868482602335805e-05
822,4.615369575720802e-05,5.479642762261818e-05,7.257098676525358e-05
823,0.004203242595200748,0.0016183168804552413,0.0009085822541303681
824,2.4659582477857125e-05,3.5443080276924e-05,6.105835043965348e-05
825,0.0005568291645403001,7.893102753739052e-05,0.002749645660926808
826,0.00038579280299445157,0.00038534930223023845,0.00042641513632267063
827,0.0010653692588483358,0.00058640967564025,0.0003928360741289779
828,0.0030819275392522036,0.0305196055767125,0.015188395839284658
829,0.05511121464035711,0.0031285386824437345,0.0004965079337647641
830,0.00025879767101379526,0.0004683613688710421,0.0013268527687717569
831,0.056770447565689955,0.00018093844047571347,6.6515342581974e-05
832,3.8889963122908005e-05,1.5164574025482596e-05,1.2046585320995639e-05
833,0.00010246065188838571,3.02263589500884e-05,2.9756164229362332e-05
834,9.455755777066075e-05,0.00013321233256960452,0.00021928921408078677
835,5.428954078758346e-05,7.487848019325373e-05,0.0001215186960677522
836,0.00025920685732155554,0.002046375834982463,0.00011827598279572161
837,0.00030056748475062447,0.00038951529875971646,0.000983129311026544
838,6.372226003914804e-05,6.293243019156523e-05,6.738189821742654e-05
839,4.90136750612513e-05,4.9018522511786094e-05,5.671687876261134e-05
840,0.00016656889313532183,0.00020958774697290542,0.00031045611246522867
841,6.223676833930821e-05,6.0971976423820646e-05,6.971777493280079e-05
842,0.0011810178322595886,0.00041757051851838657,0.05685556549887763
843,0.0017546135612349354,0.011253850352894022,0.0371009552601427
844,0.0005935987966012878,0.00013646977885401775,0.0001153442454343239
845,0.00017647721477373195,0.0002543688341791446,0.0010816474239067721
846,0.00038722337748232964,0.00048141079363725833,0.0007452392641377297
847,0.0019892412541551016,0.0005381532863641588,0.0006696944005235758
848,0.0005163302703169749,0.0008712021274527141,0.0020430832408729867
849,3.764481434358697e-05,5.054894223577661e-05,9.602648103615698e-05
850,0.012453078986309419,0.043923390693352285,0.010415963697073764
851,0.000549462808904039,2.116171694677699e-05,0.00011598294669765139
852,0.05593496206116778,0.0008794648384536151,0.000370975590293301
853,0.00044980371487672566,0.0017750820225479838,0.00024750822265501087
854,0.00025551260199727256,0.000364891929689696,0.000789136201666015
855,0.0005694219224885658,0.00036568454692418337,0.0002942030312780449
856,0.01959432511025734,0.0031096337644756413,0.0013094191530150187
857,0.001071763522458943,0.000553219415240572,0.0007179431243751771
858,0.00019992707050972382,0.0001485599098076505,0.00012926401652577118
859,0.0022297721522280957,0.00042539113140086616,0.00036468976763972004
860,0.0003876388203772282,0.0005303484919413095,0.0014378608394482884
861,9.022871974213388e-05,0.0008076312720186468,0.0003191508509328773
862,0.0004184150651998813,0.0009218188717108055,0.0032317068650743377
863,0.0003781723059237273,0.0004380782245076814,0.0005680666670322109
864,0.00107724871294677,0.0006081142859739088,0.003444635285349489
865,0.0005205655334988138,0.001272568592720209,0.0010271926740966439
866,0.00015371067900466637,0.0001993113750785713,0.00030171873532266764
867,0.00036432232081604765,0.0004467764243100031,0.0006680784677038484
868,8.549153984544627e-05,9.493682869364981e-05,0.000130022716940198
869,0.0006821207842770683,0.0007476980316331228,0.0010465113982378875
870,7.871268896619474e-05,8.753240716464453e-05,0.00010680472508030204
871,6.064744178424323e-05,7.406790039587641e-05,0.00011640335520883925
872,0.00019385424185958586,0.00032969893580202367,0.0023239665185179783
873,0.00011070544046130777,0.0044213009739308235,0.00020625261850742497
874,0.06982542810879987,0.0010309884908371088,6.837055448704953e-05
875,0.0001648431391470263,0.0001506266292252795,0.00017747287151636688
876,0.00083354067649459,0.00031281787912811363,0.0016053031498015036
877,0.00016498244521972671,0.00012450940487898198,0.00010774240711144322
878,0.05736815754896796,0.00022703485096890223,7.591578284911647e-05
879,0.00013088306273177744,0.0002067494496300614,0.0003732177748618193
880,7.665750725777513e-05,9.875330603039639e-05,0.00014719193633072305
881,0.0030523304185254355,0.001059756235228546,0.0025103229053675975
882,0.001290211317878761,0.000396625222175678,0.0001677486929068955
883,0.00038143407799818397,0.00026046231056778496,0.00019574005198217073
884,0.00035850360372720444,0.0004582779347143056,0.000691306004961688
885,0.00037337710017324333,0.0030179057963491108,0.001172716927353794
886,0.0001371461201788402,5.533944681163702e-05,2.947547966951845e-05
887,0.00011594172977199162,0.00015259377571856002,0.00022920924630251603
888,0.0002706189116809612,0.00018340900293548887,0.0001490156865113501
889,0.00027133838645553205,0.0003035319641903759,0.0003836176155187328
890,0.0013320792158316417,0.0033416797328065574,0.0379529464516506
891,0.0007766395598164302,0.00402007045317348,0.0007001530335464059
892,0.00012223153682024783,0.00013071540617074558,0.00016713657400270617
893,0.0004981422747588961,0.00044460187093027926,0.0004407152862582467
894,0.00034357791823760875,0.0002842918667783981,0.00146260345038756
895,8.36916650594511e-05,2.7091914426378878e-05,1.263307169887513e-05
896,0.000428070575941115,0.0006760836221401849,0.0018408347060136904
897,0.00017791563371820658,0.00021085305161199633,0.00032843308477809366
898,0.005536578617953583,0.0006613401645366908,0.0029282937993028997
899,0.0020457460878038998,0.0010519970864938124,0.002454456280748269
900,0.0005372315851500948,0.002283761023070753,0.003110499340938344
901,0.0009260939973613408,0.0001897647988711273,0.0002345561134823402
902,3.677997017167038e-05,7.35561117974964e-05,0.00015746505068161076
903,0.0007153470067660598,0.0013728900688699621,0.005246410645645915
904,0.00035151758674853255,0.0003722893815200714,0.0004898178994926613
905,0.0007738491977049239,0.00016847274428015966,0.00018889561062203
906,0.0007414128449640397,0.05736627893148068,0.0004225435767647281
907,0.06052930527425998,0.0002026327527602893,0.001975018690593565
908,0.000581908742658603,0.0005668426460486021,0.0029048927659433843
909,0.0003310587626342337,0.0004556969119670249,0.0007611421029336242
910,0.04384620836365861,0.001816442034136833,0.002911707706691488
911,0.0002624077221415702,0.00034422989670937135,0.0011352789691454006
912,0.000358896375397387,0.00034951089712644695,0.0003767594211070383
913,0.0024516957137257485,0.0019333141624648864,0.00042298308859404365
914,0.0008619635706900706,9.706167697081881e-05,0.05867528640195876
915,0.004631629111587654,0.0027803700277846816,0.030422837922840437
916,0.00016412053231223218,0.003315881993669665,0.0001951562320520802
917,0.0004799330703734718,0.0014162017535626237,0.0002968479905938667
918,0.003121295067931544,0.0013176196582680342,0.0008466426607531882
919,6.321989325128436e-05,9.976956501114773e-05,0.0002095835296607443
920,0.05912384924781157,2.568341106540362e-05,5.041716921128266e-05
921,0.0001733799086988844,0.00015739106371214572,0.000164553369610494
922,0.0001334836827000122,1.732782228894656e-05,2.4652777577669114e-05
923,0.0005940859935691514,0.0004963979877868161,0.0005373692273930097
924,0.0002909441828191329,0.00158487968935643,0.05343675839233088
925,0.0002448840956431257,0.0002665632031759547,0.004749035262336672
926,0.00023105938351019925,0.0002498579841383765,0.00029888548680474705
927,0.001962045681168368,0.048765931148204336,0.003896696025019319
928,0.0002712159437062729,0.00036232499462885836,0.002361366574658372
929,0.0004486851516749929,0.00037715947899261034,0.00036831914917694937
930,0.0003760366105040628,0.0004988408889939713,0.0007625114682531299
931,0.00011319791939643288,0.00013256220445506325,0.00017508572519044292
932,0.005949644377659006,0.000676680890955424,0.0003947376891583551
933,9.753912236128844e-05,0.0003282818296121668,0.0002254015002923649
934,5.190383325427781e-05,6.0072284780013946e-05,8.100272833210683e-05
935,0.057997445017255345,0.008797408090808192,0.0013362010205329317
936,0.0005932944306593007,5.0609439652354076e-05,9.746510340304709e-05
937,0.0015555997781212803,0.003943859679148283,0.00038730171075832594
938,0.0004659689210650027,0.0013955056769930539,0.00045592592502247136
939,0.0004393381896489754,0.00034114536874706354,0.0003724083387555223
940,0.00046635336211948216,0.00017604931153357065,0.00011957433901818404
941,0.0006168268332861693,0.0003844455562174544,0.000305473682295976
942,9.793005840078603e-05,0.00012708430817698116,0.00018880774259348538
943,0.00025072082790283403,0.0039407722702023374,0.0006087576448140069
944,0.0554851999890724,0.0009529757222620618,0.00016003387211130263
945,6.915195463115507e-05,9.205928962572657e-05,0.00014250062830674032
946,0.00022265194546853637,0.003138765955651137,0.0004059055799311735
947,0.00048022272666090813,0.00038035149727518464,0.00037682887911310464
948,0.00015766280495732276,0.00022722317302968303,0.0003625499471937572
949,0.0003328099327568055,0.0004784558283121362,0.002952869492300539
950,7.984533277154494e-05,0.0706508631591252,0.00022079236672303533
951,0.00011749192078729982,0.00021587281903585675,0.0022166491288794225
952,0.00036110447442551407,0.00017584730215676697,9.079722117884605e-05
953,0.058885237934908255,5.449064330888006e-05,2.9442350717268273e-05
954,0.00016731611395336693,0.00015273615210934318,0.00020154430527214936
955,0.0005258759384595349,0.0009059182687301811,0.0024305908274100483
956,0.003327669931100959,0.00012984556011438458,0.00026746300294197
957,0.0002565011623831449,0.00027528381377687415,0.0003324208897194886
958,0.0017492672465501441,3.527802079518122e-05,0.0005039510890698404
959,5.9102247011833857e-05,7.375304057211772e-05,0.00010690904925483658
960,0.0002976029022624921,0.000252519438803193,0.0002569050613081462
961,1.70710295926687e-05,5.864466797737315e-05,0.00043053856206327256
962,0.00016923169363046952,0.00018657112776186696,0.00024350590341754515
963,0.0005960211795457121,0.0009287125747862517,0.0030160030873837757
964,0.001470643673080123,0.0005001176315781692,0.0001342783904365378
965,0.00016613940057937944,0.00023853181222035892,0.0005934055454398145
966,0.0004130575251413337,0.0006792205803785723,0.0015009727631669783
967,0.00014059912176031894,0.0001584264613444415,0.00022094215417069884
968,0.000299629755080394,0.00033775166301496683,0.00044329363685540303
969,0.0004969979983569176,0.0003566914657248326,0.0003836656147907347
970,0.0005369842879111675,0.0007112558114170174,0.0010900618057150503
971,0.00052489136036642,0.0011174275190460822,0.0009269491427136568
972,0.0002222741974905705,0.0002981959642143172,0.0004618295539084607
973,0.00040670724171593754,0.0006002744504453385,0.0036576950276304755
974,0.0008626494321400253,0.00151732245517401,0.0038762718000999747
975,0.00019188959468940242,0.0001822937925693179,0.00019150516681693756
976,0.0007434669545552944,0.0013062211924367742,0.003313748198091409
977,0.0004523927124833242,0.0002629221402577781,0.0015088081530053267
978,0.0021210122702953293,9.267062358684657e-05,0.00010351927269860274
979,0.0026016783820532272,0.051443838614390607,0.0018279174421467757
980,0.0012083525453581796,0.0003370832307600831,0.0005277210158209804
981,0.00018172488080009884,0.00039810717232038537,0.0010699748687424356
982,0.00039959246289559744,0.0005957560632418314,0.001063158063369291
983,0.00043221381998075656,0.0006614064833751426,0.0012992035735232678
984,0.00019863788296598664,0.0003627487552243653,0.0028589745689535655
985,0.00012686183370710544,0.00014565826255355,0.00018860068257623005
986,0.0003054474974285611,0.0005560644994403145,0.001640264796592866
987,0.0004664904416814475,0.0010824053327742002,0.0005277585702548821
988,0.00036431287694312775,0.0002656982228604693,0.00024598411486436225
989,0.0004184755058254949,0.0007413234482819362,0.0018706760947076898
990,0.04737094787702939,0.002567945838370087,0.0009871621020251793
991,0.0001430324182573179,0.009727181615033272,0.002147702348579197
992,7.765278697852245e-05,0.00012065212604527144,0.0016395421406682925
993,0.01842805105249968,0.028123653390278024,0.003852438290462278
994,0.0008936850895132148,0.0015303828920758455,0.0023030187529422285
995,0.0005622977821066465,0.0005433276346208427,0.00021818287465181225
996,1.85814119177167e-05,0.001583702374187322,0.00041787385621644776
997,7.122235243725377e-05,5.345205346912095e-05,0.00010311434204964176
998,0.00015745463705341858,0.00021883569608510507,0.0003679280255255433
999,0.0012092941776136593,0.007325663434552423,0.035734525376503797
