,X,Y,Z
0,-30.274845028720478,-27.650143543007037,-23.196436890940376
1,-25.49452956782548,-36.20717295513781,-29.82349032249532
2,-29.969299360892656,-12.353154316749164,-31.519521315397636
3,-35.323169373440464,-34.260362573961366,-32.59489900896419
4,-33.576920551864326,-24.320699418170193,-37.12149184754166
5,-40.06898891366138,-37.171301385340776,-30.885450779750858
6,-32.125899328234276,-32.79665330387572,-35.435039099948085
7,-33.96734644637882,-31.12694506682692,-29.671255822199186
8,-27.512802223774457,-32.72188802782976,-33.57097252454483
9,-35.49026869140772,-34.350094270923506,-32.56949519244626
10,-34.83490711629109,-34.39002799062943,-33.519354472294616
11,-46.68762069368932,-32.0105324799139,-41.088423666689906
12,-36.09585498794947,-36.0291155220841,-35.67618709132989
13,-43.23583403246262,-38.846907558381965,-34.122557873404055
14,-27.053540230546975,-36.313260631385816,-36.1907479453597
15,-33.429943044473845,-32.2045198161866,-29.968729456183976
16,-35.53307203698282,-35.59333116163997,-35.2548948527749
17,-29.891787549301576,-20.938524967195832,-14.393793192787413
18,-34.515865190902076,-34.5166531648215,-33.25313406990112
19,-17.292777304897136,-16.009717226513775,-20.593216995297293
20,-12.887444364880018,-22.146638531870543,-30.36829639858803
21,-34.46080162804366,-29.613603745616395,-33.06315118825063
22,-43.6727742707323,-42.80749435536843,-41.409708293143204
23,-18.764390802038047,-26.908372739228277,-31.144068769054645
24,-39.18180841543553,-36.35890315443472,-24.80186467548817
25,-35.265479358607955,-33.35418679106401,-27.513558004763464
26,-31.960889673502038,-34.1485726320854,-32.39867497454095
27,-32.513995335954576,-23.335990109397507,-33.47015611008415
28,-45.32210611061733,-40.32497015069034,-49.46853105404777
29,-34.81749579820607,-33.67017102385427,-29.90646330483921
30,-33.70637537959202,-34.65734280140626,-34.989046593269634
31,-38.6541264662197,-38.43750832070421,-37.834329724856694
32,-32.87299820948868,-32.209719827906575,-30.517069308087894
33,-38.634994303403914,-34.46298621442768,-27.07483661341932
34,-35.8841860299175,-34.07155654874789,-41.60572057323559
35,-35.54318533055771,-28.847252095821055,-36.82296395475507
36,-38.10483919704508,-36.84404906335522,-34.91288856357689
37,-44.70929704442001,-42.83570911845145,-39.53628583902619
38,-29.296629825505967,-25.957828759806013,-33.656542752194234
39,-37.44890142239639,-34.299623914273695,-28.027957931740325
40,-17.8196535524809,-26.180312872016025,-30.055979835260867
41,-39.0329669873435,-35.1036781656879,-30.269742021288373
42,-42.123342589461714,-42.777416556929,-43.02750584627638
43,-26.390443951254518,-30.546083754020387,-33.39091091238624
44,-38.234922106183106,-23.35956254382125,-29.97804517076643
45,-35.02556588929274,-34.23382284020532,-33.00425982782512
46,-23.65812267148714,-29.984576364062328,-32.656661622872
47,-22.531756979006975,-30.913024956374468,-35.741499564926144
48,-35.79525388691869,-34.69405367028724,-32.946269850065626
49,-34.37004652998314,-34.23113385639078,-23.376653636071183
50,-25.71340809791964,-37.06733811636791,-36.9204320846619
51,-44.1250577407255,-44.24677999301541,-43.97822281648173
52,-32.24486300402728,-33.69310836187937,-34.12719963646104
53,-44.35684461696013,-44.71771368401957,-44.359791641980586
54,-35.48801638124999,-35.46078475275822,-23.902153760612684
55,-31.854451907603234,-29.69545971843871,-26.17059990856079
56,-35.29517898267677,-35.14327759561344,-34.60881221787993
57,-30.325906962048563,-23.829243260225198,-30.263688911241058
58,-38.2914798612618,-38.04209581624323,-25.845155532947246
59,-36.55338387016654,-23.842658208372484,-33.73019371830247
60,-30.869801886007018,-27.650951710235333,-33.36552563820327
61,-44.391222605681676,-29.957859717092585,-38.46503458759228
62,-35.565395664964434,-12.178383383637081,-46.96902977859432
63,-15.744806892628834,-18.01638725203999,-21.979576793588368
64,-41.35428305553664,-39.55951192843159,-36.31746622338499
65,-32.41715829386303,-30.82796258788287,-28.09971933855637
66,-37.61812496537913,-37.02705310102705,-36.01378049056421
67,-29.39802934549581,-31.814620219135428,-33.22787156451458
68,-45.443901295231456,-42.83280288322875,-39.33699777902527
69,-34.1347642222194,-27.076981487929284,-31.98929116253472
70,-40.18620799141544,-40.12129960913883,-39.85265425400962
71,-33.73123167235323,-33.554467554242514,-32.78785977744866
72,-25.65478264822225,-12.394438234892268,-31.42790882340041
73,-34.406143074951395,-34.33065447238206,-33.80521985371707
74,-29.859233872944614,-22.543482617048536,-26.715279358512582
75,-39.379394650928816,-37.74092484958683,-34.77716833840648
76,-33.30740619835157,-32.73049058145942,-31.61363658987979
77,-40.845812778069245,-40.05600434550231,-38.66777629572232
78,-38.58793626480455,-33.62938909885181,-36.65390135809684
79,-37.38549016007336,-36.771414227278484,-35.71042037326371
80,-35.370267568126266,-34.526884640332725,-33.04514654391762
81,-34.62692380243191,-33.8398646564958,-32.09156458287119
82,-36.50706717830773,-35.0925263267023,-32.15974565144842
83,-16.722958870793892,-17.161855419846177,-22.816075258381833
84,-38.84633903724199,-37.24688430292312,-34.39011838156056
85,-30.741183353815966,-30.919924098773958,-22.990507141296487
86,-30.688316705257712,-43.353088280709535,-32.98971279480376
87,-33.45815736672907,-32.698539017539495,-31.240204014147874
88,-34.31436012717589,-33.00744198793286,-30.895429301878693
89,-31.133380679436936,-26.644775473289748,-28.77620945442635
90,-25.715279902484284,-16.573391873497524,-16.314951967329247
91,-35.96822488412957,-37.731817595876244,-39.101832105356486
92,-33.980762125782725,-32.592955738749765,-29.413521551980686
93,-33.24372108285193,-32.312427388588006,-30.609420147195937
94,-34.43317998351081,-34.457421496597426,-34.21323734848338
95,-35.88239744670077,-29.365835341952454,-12.764540947995922
96,-29.48000407890487,-11.876109417181546,-28.058808273252453
97,-35.11419525250095,-35.18449884035977,-34.73264934878503
98,-31.60317847465704,-29.28480569573928,-25.444403154034188
99,-30.131761909288155,-32.51920025284007,-27.61963759770915
100,-34.09923628082598,-33.10090729366592,-31.562512818546892
101,-25.503969022655756,-34.543170669499446,-32.08496493637745
102,-33.47595145410057,-33.63465686554801,-32.434756747403476
103,-35.76840123690885,-34.38109361811905,-24.648616157814086
104,-26.716166751402177,-33.952110785184004,-30.677551637318384
105,-33.52280531296031,-35.5153589616497,-38.51022032095223
106,-35.35245559308968,-34.790799049593296,-33.77982737218491
107,-21.757465750686443,-31.236424495312974,-26.220785073416735
108,-34.19951028437362,-34.470352431808394,-34.17524928075818
109,-23.770956224099248,-33.56665596512923,-32.45251444981711
110,-13.88280684921952,-23.04874957848602,-30.15044234636992
111,-37.3225036252825,-41.941025160610685,-30.63484503623097
112,-24.34160755404538,-14.771489226672605,-14.694158583508592
113,-44.46899594864617,-38.80588160073345,-48.34165863856609
114,-39.5022641658381,-30.681181234078405,-35.0198529714186
115,-27.854761893083047,-13.26205044952211,-23.494569073424355
116,-42.961712380880115,-41.74624357464704,-12.461318859507273
117,-36.94635722894517,-35.789047525221726,-34.017158812619286
118,-25.382526498710163,-16.486465183837304,-16.32267155607479
119,-18.587064214278957,-14.83711040083946,-26.731109152641025
120,-23.208586925452053,-13.247194208928379,-26.545060922418692
121,-28.659400982393578,-20.828846527915665,-13.834269506549193
122,-26.672259458833466,-25.44945410253312,-24.538970660615945
123,-32.972640374702046,-28.651991442424073,-12.552194857883208
124,-36.83339100934697,-36.031666455591896,-29.42075801205785
125,-33.83107401957561,-32.6696937985697,-26.34101966652475
126,-33.19277734651984,-34.88705555879489,-33.08587749179387
127,-26.224551042736035,-31.136874224548663,-30.054906150562367
128,-27.21157216688424,-34.350323542878165,-31.980652056290126
129,-25.654100558248363,-36.67794550497027,-35.74318857235204
130,-34.61445142070186,-32.905658396199236,-30.454879498846182
131,-47.122518390237076,-45.275745855840334,-42.403218806802904
132,-40.69180025707038,-34.84035872250634,-29.811660695917602
133,-29.964357051965273,-33.3085071896936,-33.019581401437954
134,-43.39495242895591,-41.825316932964604,-28.161178614078565
135,-34.78606774182211,-25.639974233811785,-32.342177411546146
136,-30.458817222711776,-27.42890315106076,-20.07733440665544
137,-35.33777512596006,-34.70406142438195,-33.58874717198093
138,-43.12437305846945,-42.5846237875285,-40.453209866976174
139,-33.86172196741442,-32.99658618447055,-31.493568154581478
140,-38.965541964434216,-35.016324143199554,-32.51601227004534
141,-12.965776207646755,-22.082702593159986,-33.23078279139632
142,-32.89530103421461,-31.48120509087446,-24.856380275160213
143,-39.08679186375671,-38.106945683322834,-36.55039181375053
144,-44.03410683828257,-43.73803455786324,-27.092193634212578
145,-12.367730061169027,-42.61879037038452,-45.31714761722233
146,-34.836104626332165,-37.594753859321564,-42.41702550304116
147,-28.04455854182033,-24.264516862294112,-15.075600531984785
148,-26.97215591158899,-34.54267684725793,-36.46740539832714
149,-24.952208164541773,-15.08681899190635,-18.515865272966884
150,-19.97827858753625,-13.752727920028299,-23.091855479069014
151,-15.768961423502212,-21.577659707995267,-26.824761647195206
152,-24.174494491293967,-27.415117165298287,-32.06263735020786
153,-42.01395558392748,-43.534028257336516,-43.95788734625094
154,-34.36646558164397,-33.47158814780467,-31.98909606778857
155,-34.234128604736,-33.44220379610074,-31.96441071929064
156,-39.57863840140898,-29.744274316757778,-44.63951345733254
157,-43.60106996840124,-42.968129618034645,-41.78088453910827
158,-34.01867759147791,-32.060993079851386,-25.338121005554505
159,-30.558326236119292,-43.20753416776844,-46.89726285096189
160,-14.066760376968574,-24.69164332642066,-29.063315278592864
161,-27.676327860137157,-16.044401087338947,-16.81732934614231
162,-24.977433880725506,-14.843461600004433,-18.55459505658358
163,-28.94323575829918,-25.455523174825245,-13.482639032899922
164,-39.77111065342249,-41.209489209538354,-41.84604549676478
165,-47.70862503040731,-43.68465591764125,-39.49094750773814
166,-33.98234050077528,-30.224358771030314,-41.94083413678371
167,-28.57012095640696,-20.60225139357589,-13.423560690363104
168,-28.712755123455914,-36.01970211115989,-36.71558028665487
169,-39.85796198210962,-39.86948260563997,-37.07921361691852
170,-35.042233193922016,-36.26548517011354,-37.831064989418756
171,-37.796830852193864,-27.18279183319317,-34.2962713822676
172,-38.91524803075911,-38.661026614323994,-37.9665824479389
173,-39.07055673299381,-37.82076777849958,-35.86407896969115
174,-25.70937042864937,-28.132489403836804,-36.52104701465672
175,-20.26657173191964,-30.844041116151004,-33.23423998534845
176,-33.020772996226114,-31.952923591328407,-26.797297302612208
177,-32.27335207948945,-30.240113164563258,-22.84652063681966
178,-45.376661783054985,-45.70580718171331,-45.13046055673221
179,-46.70584943629837,-46.36811155507075,-45.7651026788469
180,-38.97202396825264,-37.515012052527226,-30.913118718508642
181,-30.186739401374766,-33.84068941058631,-28.248306424445005
182,-37.41933384714255,-34.32290620578079,-30.953767752567728
183,-29.338969810218636,-38.64516981768878,-44.96399691234696
184,-26.972955781668535,-32.22504072613255,-32.36139720037899
185,-30.697352706578783,-28.43728135568423,-24.52486261991565
186,-38.32135877122304,-35.64002805924844,-12.168354440367246
187,-19.564485457883553,-14.276886813647211,-25.08856534905851
188,-33.867763307423076,-35.32706238858132,-35.814485376887085
189,-23.407643802553252,-22.193854739075498,-13.58692550335833
190,-27.77204489001396,-39.075237722933615,-21.652432389108995
191,-33.44732708400744,-32.83613212031008,-35.66289318205116
192,-33.32115053298082,-24.917851438291386,-21.8048432447692
193,-32.624616087554244,-32.06698620602887,-30.915436946113168
194,-40.072782073595846,-39.599837833421624,-38.38645198614364
195,-34.45924466746019,-35.04507553211651,-34.66325659843601
196,-31.797324449345197,-21.76112714230952,-25.601231232304308
197,-12.666450557875876,-29.46104471202435,-31.086803023186427
198,-26.160826432760913,-17.696379388189044,-15.292156972418491
199,-32.02098449885391,-32.50636757905696,-31.426248674957968
200,-41.96054594788218,-40.934349357547546,-39.31934035534846
201,-25.027311722610982,-47.65438757926454,-45.7496559936036
202,-33.16923904651063,-26.908023456114314,-33.96564167989791
203,-21.467247022444926,-13.713474786545488,-27.079987944887407
204,-40.178899845128136,-41.17890358411037,-41.30454494041878
205,-27.3716909550239,-30.167826796831196,-27.8484913822331
206,-24.332892495643662,-29.971586423078165,-26.00431227911588
207,-44.372574508078856,-43.48506761797925,-37.72444498848007
208,-33.37560396635809,-24.595276226925215,-33.77857606841492
209,-43.946833000079806,-29.049560196052614,-36.2354994189353
210,-32.932988761256105,-31.206375164963053,-24.41537444254876
211,-28.21549437380647,-35.46493367219646,-30.12637847042452
212,-39.90597238220295,-12.465021860804795,-29.178262307382635
213,-29.627790766785832,-25.363230297400385,-14.161808393354319
214,-31.64355493390957,-29.475165575401313,-25.114946282347855
215,-41.4955824718087,-41.104425762042226,-40.35270788560611
216,-30.332584150185422,-37.169344990326955,-36.86817111517457
217,-36.07822492127778,-35.550187403144974,-34.18592891639506
218,-43.21714962731054,-38.272235363477044,-27.354053840968206
219,-38.2241297290224,-33.17597377323877,-28.02845491722826
220,-39.38333240370441,-37.34412089021461,-27.239955707416264
221,-46.11939184449936,-48.09521703969037,-49.42987220272819
222,-32.89017436648272,-30.819492287290732,-26.880093045095098
223,-29.639631329654392,-37.205036473525645,-39.306322550835425
224,-29.54817562960331,-12.874564908231406,-25.791515718874003
225,-33.3017016929857,-33.811025612508026,-31.78799731977736
226,-36.474536951485014,-36.73936132769476,-36.34119151522456
227,-37.637874543477366,-27.568940251258248,-33.220717748156716
228,-46.58205503290442,-46.33099853045063,-45.87054707368328
229,-31.30604003731571,-32.52150381997223,-32.60310099096667
230,-13.147723123093453,-23.776631399685503,-28.971359388016317
231,-38.002841506563,-36.19153368509564,-31.49924809006143
232,-36.603545131611675,-29.068508034647053,-28.50717080456529
233,-33.45398371755283,-30.92578697140986,-26.477224552855198
234,-13.807258299086003,-21.002025475757616,-28.808882674627114
235,-29.84732342700664,-39.763298528594234,-45.71038956109861
236,-33.00425380730959,-32.81622378634326,-31.98260654506391
237,-43.25308863827506,-45.624923790502635,-46.46533537202907
238,-28.08245132615538,-33.60233464949664,-26.411832044367173
239,-48.62797068062662,-46.95904084843421,-44.27369906309197
240,-26.156772335326263,-12.577949443197438,-21.64428126719583
241,-33.646638755883835,-35.198534193927955,-36.282759017736545
242,-34.80208717585367,-27.298778566179614,-12.682675397940493
243,-19.86416694091337,-14.190832987752152,-26.082863310985477
244,-38.001860399195074,-36.67729130617106,-34.25077030457516
245,-36.24207267929424,-33.86230815655308,-39.16282245559405
246,-29.121940534764406,-32.66067271994155,-31.186720403778338
247,-36.38816890293079,-36.05325931843727,-35.35293250617995
248,-24.62273730403208,-32.40922669690963,-33.33320609779416
249,-36.039757489743195,-24.072857151129586,-34.52128662066813
250,-42.84083981146141,-41.105643181316736,-38.841025206806265
251,-33.22666760936499,-22.785545260489066,-38.89248202197891
252,-41.35889946210706,-35.755444304887234,-30.39921117884305
253,-32.11539502091716,-32.280246727203384,-31.747387504000034
254,-33.64615832902243,-35.70928237176074,-36.87270503802617
255,-44.72127801060155,-44.479938845624936,-43.7858029542937
256,-23.9411564047597,-31.04446776704222,-29.165392903620692
257,-32.35221197758336,-31.100576793829173,-28.709561657410507
258,-36.72987931405313,-31.388825180958094,-37.35946759034604
259,-32.27929379913025,-25.807471745045063,-12.995815891879019
260,-43.14921004556893,-41.25501441114586,-37.95120475173154
261,-39.65182123911557,-40.425288650741194,-29.76914616521434
262,-32.34377132028576,-29.940920756444353,-21.449908195020004
263,-21.05678615329781,-34.06354342447073,-31.434523328818067
264,-25.79824608175342,-31.199073332722374,-29.981638048676032
265,-33.12183230002348,-28.450504875867626,-29.62299235479328
266,-32.439967081347056,-27.644879099444537,-11.655616455344468
267,-41.125136447923005,-40.241116613225486,-38.69475444976329
268,-36.74401149159537,-31.84431703642703,-25.01739015924713
269,-36.81256063469571,-36.996156561653045,-35.741989107359785
270,-37.21910426728439,-36.317564147663376,-34.684210744076545
271,-37.765637445495706,-36.625257357113064,-34.87478134792908
272,-35.27486082165198,-31.519886313206626,-24.261426231887967
273,-39.42105679603195,-42.24032028243074,-32.57986771486194
274,-33.96009412857268,-31.310395969384647,-25.516816992070787
275,-38.46749514252586,-24.299217258684433,-32.62567256418607
276,-33.49514683083556,-31.201244476889627,-38.99422618253397
277,-33.32227111558189,-26.923501125345997,-32.80762232785854
278,-38.78958818524488,-37.176972523505384,-34.60441991540864
279,-32.875320124209864,-32.4635201207504,-31.046886452591238
280,-24.227902319115977,-31.350493517630994,-30.123385261726344
281,-28.83377569981057,-37.99489786157362,-38.88755977249746
282,-33.365107324055124,-34.47024928617446,-35.131256011876474
283,-31.987283035095864,-30.286678075354054,-26.21627419851894
284,-25.076258425351178,-29.07532451748121,-31.11021281172215
285,-36.8696931050148,-31.207372063441202,-34.800360910491676
286,-43.12518179493856,-34.651998668435674,-28.321217976666027
287,-47.81579598253548,-46.98000126086096,-26.893626009670832
288,-35.49137455144445,-34.54532898228017,-32.953230818798176
289,-37.94438901899291,-36.186895501144456,-33.39883504690607
290,-38.95062722022534,-36.167141679433385,-25.355099297527012
291,-24.279809392630224,-13.348575928317992,-26.308748013520532
292,-25.36069561971201,-29.050961949095782,-29.800860635394322
293,-32.53933654501737,-43.34011162834108,-31.565091323826508
294,-34.54080368554316,-33.56011301830365,-31.894190773973506
295,-24.050463916626725,-28.394521968681666,-31.06793798930748
296,-32.23940023323678,-29.718457422077616,-25.369514583741687
297,-34.68121720226182,-33.86114043978081,-32.56116499266886
298,-31.487428006594442,-29.055489527035423,-24.46561578574322
299,-32.29621589378651,-26.29130147475528,-39.62424395416762
300,-35.009343761684846,-25.028773083568684,-34.436414390931645
301,-12.268983418338692,-46.82194392015076,-47.555165256501525
302,-28.7110959416784,-12.000285402311679,-35.125266408917874
303,-35.80860260572883,-30.34998671545601,-29.70299706793409
304,-25.0813135097885,-36.66475239667005,-37.97677530756525
305,-14.051126626537249,-18.830388514900488,-27.568038633755513
306,-24.028940036524627,-38.700039520494705,-40.21907915445297
307,-34.30293680101907,-31.55257279441837,-27.097935872211792
308,-43.84993000783182,-41.32256859059166,-37.479687363307775
309,-33.475089434138866,-31.128135437599788,-27.357759090954637
310,-24.172406262749337,-14.76782721142801,-17.093795036227426
311,-29.832436004320986,-25.40875026915218,-13.187047321850196
312,-12.913637686821616,-27.345310275047222,-31.29672346653257
313,-25.11234590479866,-12.91895043190117,-26.99949296943895
314,-37.240563808313176,-37.903713923144025,-38.20002412411593
315,-35.25328924685914,-36.59169780972508,-36.284581901236365
316,-27.508069076285384,-46.51394317480637,-41.405570550348884
317,-38.538537938228444,-36.919187566786356,-34.582347500923596
318,-44.653999909305966,-46.03806785030919,-45.416237707080256
319,-32.96583552541438,-34.05717857509159,-33.75739082062668
320,-24.228476417790567,-41.26280922272006,-43.08369843150829
321,-45.303864919142356,-44.44655124740357,-43.03161898969992
322,-16.603709964186983,-26.05585092396755,-29.692027314033602
323,-31.59143984593667,-24.98396037927264,-29.13660127543971
324,-34.59697154439806,-33.35981720441438,-32.217992587692166
325,-27.152930780826306,-21.217979602620613,-23.864433709298126
326,-49.45654401238428,-32.6354795809826,-31.21426973042817
327,-31.261562781134806,-40.79814883037191,-42.3181609135775
328,-46.47961755830268,-46.38372917680695,-45.56674829767385
329,-31.225664332686428,-32.84277890155681,-23.8802843197414
330,-30.951460641403244,-38.547380621904445,-39.89555325467052
331,-48.10741739301324,-34.507437899609236,-29.627133871696657
332,-33.248005808177105,-32.40723539848009,-24.02963450331569
333,-31.857519136188955,-38.9027017803956,-38.58630525656244
334,-28.846003082006455,-31.016555065034,-32.425744372437535
335,-39.43459835156105,-37.3411478392596,-32.722569220825704
336,-23.68510614824599,-33.65697777358311,-30.93788306647712
337,-21.448983025369664,-39.79612017856132,-42.21355822594635
338,-34.275143097062696,-29.67904552754483,-21.577667086226935
339,-37.166382376114505,-26.500271103911484,-35.849031462859855
340,-38.856921386538275,-37.80231038046941,-35.632562708284965
341,-47.547791769183206,-33.52035145058188,-28.932904891494932
342,-43.64058085884248,-43.27108373690489,-42.04647198960728
343,-40.071598284733426,-41.65510694393531,-42.233713152898346
344,-33.44183518214001,-34.898718543736315,-34.864045807147356
345,-36.637095225754884,-38.128346425739494,-36.8756278213477
346,-37.020952913989696,-36.52443678583641,-35.497078453007084
347,-37.77951351365545,-27.41114232316722,-27.111568726984594
348,-32.34729238398353,-32.71136588082216,-32.02668124305501
349,-13.19044258185787,-23.511404932302803,-31.95826361198149
350,-37.809692063866486,-43.377420350892706,-36.49835025301114
351,-31.103306507369183,-38.43168487661248,-42.60930263711625
352,-25.401086372099222,-15.978577306847221,-16.779560891437328
353,-26.59495758994575,-12.82062346598785,-23.823059298020098
354,-38.26929417952749,-35.62171917937591,-32.50077440419748
355,-29.50365777939546,-25.211071238383823,-13.894096441725608
356,-27.57649108050163,-35.66434132312439,-34.5903779967493
357,-24.716631653035492,-33.3452694198162,-35.35946253459619
358,-33.94881608176859,-33.3160234977366,-32.23494193289922
359,-42.73172294630175,-29.637977693474387,-20.586866820972777
360,-41.241432539979066,-40.68598966443577,-39.62744720534092
361,-25.343973339835294,-30.07616999320762,-35.32885367993211
362,-36.14172089626021,-35.53402402753917,-34.47040684574046
363,-38.355883585998804,-38.5791824634482,-38.286595611222715
364,-31.225683749343386,-35.93640343028002,-32.30939517481503
365,-25.32093354712412,-34.55924024168637,-32.32327755693144
366,-34.151863165216355,-31.579449480902582,-26.998124950268316
367,-31.330992030893633,-29.949896636338458,-27.486591650441046
368,-15.999855334299031,-26.556914126134163,-34.48195683712028
369,-42.90565224788058,-39.785857343430294,-33.44555580830474
370,-37.74148471757275,-23.086303585978353,-34.94348896153947
371,-30.41837353234383,-30.960964738900003,-34.64725746993683
372,-37.415117918764274,-36.195259473393676,-34.34673456971845
373,-34.3379276780075,-32.84162120559156,-28.913481934146333
374,-35.94217562701565,-42.765804866116994,-44.89704934240524
375,-47.382282770833555,-42.86329282513111,-12.503086980027412
376,-36.75893871511526,-37.122605891975994,-36.98295522383081
377,-39.6501348170868,-38.52281712649354,-36.746937823010946
378,-28.591404010709756,-39.36474115587615,-41.29587526735392
379,-35.21798042427336,-27.122530063882508,-34.226229578742895
380,-37.535003212982495,-37.29594583815468,-26.931430564495283
381,-37.977833827631684,-37.299454595963184,-36.16784653364991
382,-40.7095151828608,-40.824989188238526,-39.133308718773975
383,-32.337895702710654,-33.09628543303164,-33.42722163149101
384,-41.619386301475565,-39.493946507229836,-29.450941376862602
385,-16.51381519058014,-24.176274064299538,-29.669568335022575
386,-32.54980585602554,-24.27865183846761,-28.442307060080246
387,-35.392683109787406,-25.93849396055644,-31.580683808074276
388,-34.75106223146748,-26.87584710735149,-34.66670259112101
389,-31.10366392288059,-31.25905698607221,-26.688199508181146
390,-32.4496108325821,-41.239830290487276,-34.92772313244684
391,-34.74245109976479,-33.44918831037987,-31.544714857416235
392,-34.85493619845705,-33.65341889092346,-31.840494341691375
393,-32.3904450658877,-23.64040171792423,-23.985877159203277
394,-32.546378917418224,-29.77717798523125,-28.49431117566024
395,-38.740324464055895,-38.18945921718657,-36.51915591474376
396,-32.322877518339666,-26.325261228249563,-26.04243604952393
397,-34.76943223281189,-34.41521327166212,-33.01484142017379
398,-42.800207937373564,-31.903463588557557,-34.763351575768965
399,-27.191428129669355,-36.06501932529038,-38.93395611897865
400,-36.65185166034184,-34.711217346403416,-32.78949790140183
401,-25.4779185106094,-33.42851419758976,-35.341759229565845
402,-29.293096056398156,-23.10950456339796,-18.87917779907803
403,-45.369636463948964,-29.742773766774064,-12.082571087926956
404,-12.374826290440469,-39.28924488168347,-33.501147893952506
405,-37.67347902786863,-39.278664781135305,-39.9529464650937
406,-27.75646798643841,-37.03892910795623,-37.231282904656375
407,-27.66795979715845,-33.67557236749655,-38.108256804157854
408,-33.2186107216654,-29.843782431981595,-31.3026490882632
409,-27.876632069217486,-34.517901261516826,-34.924142931790634
410,-37.95872443453747,-36.74849725988104,-34.9164818517352
411,-36.647730171563175,-28.871886469447574,-37.15872329657244
412,-39.37548661008548,-31.294078790226724,-24.688508443794195
413,-36.5757846381079,-34.538895354093256,-24.753602385112302
414,-26.90257657806718,-33.676481544751894,-25.064308025811176
415,-21.77199942996119,-13.551902129572856,-25.96324444058407
416,-37.58466471260946,-27.705741871715112,-42.95641224302106
417,-45.15732001827534,-38.480274202815615,-26.566838512473744
418,-36.391699809353085,-35.731566733378536,-34.45076175035774
419,-45.20352062583961,-29.743036236056657,-28.571273524639512
420,-34.53041388008422,-35.618462654122226,-35.42849053215738
421,-34.06249130340381,-32.88853224471556,-31.104290670065524
422,-26.365840512990815,-12.901091912343595,-29.6053582416554
423,-33.12943247990827,-28.618138526363403,-12.05136345801537
424,-43.68337878749982,-42.253222015724816,-39.51515768303735
425,-17.74030698431091,-15.237063532474235,-25.247456169543216
426,-32.87841809115178,-32.72194980819122,-31.004892843513275
427,-24.583296408322525,-31.84312337801753,-31.187865304187426
428,-18.560995873277065,-14.837483993941445,-24.496103417604246
429,-37.80105165565344,-37.71053454704993,-37.23603398123617
430,-46.96752053980254,-46.41483610799921,-45.29111718425306
431,-35.04715159420674,-35.71060783748802,-35.16999079701524
432,-32.46872368905847,-28.166932280634505,-20.170737831919435
433,-32.222095285666306,-33.03666587708877,-32.58163100988873
434,-38.31096182933343,-37.20317754661078,-35.47493281022622
435,-33.39560370851626,-28.79193775258628,-41.46849579469219
436,-29.731712729300686,-22.25581232447412,-13.322423019015817
437,-27.86171872390667,-43.718727902333185,-12.172783664940216
438,-29.083865396943235,-18.186487771973535,-15.038307255336287
439,-19.656839392449907,-28.21571898542127,-32.958216668837935
440,-40.68248005150389,-38.378777799067166,-33.41653137172666
441,-42.20721853983453,-29.036317827422415,-37.07025403250978
442,-40.50105753755264,-38.749229163805325,-35.92750308232952
443,-38.61168352768574,-37.78324516787757,-35.46648669803003
444,-37.32449758212691,-36.586239247852035,-35.32847020938502
445,-29.731948315463605,-38.005288362953,-37.818999854611604
446,-38.36630310475759,-37.71068859451654,-36.28570813258617
447,-39.81518159026273,-39.60919821536339,-38.706327504186945
448,-36.68951733034848,-36.16105132569246,-34.46418972348549
449,-30.325166767480013,-22.93193808444796,-28.25723564214134
450,-32.35539153199587,-33.74376076350956,-34.233719279960766
451,-20.323537333839457,-29.129336494757133,-31.498886135989316
452,-39.268850608548796,-38.12637741237116,-34.44800270715106
453,-32.22463592645531,-34.84912042469335,-39.49179915947393
454,-31.494242485335256,-29.693829900154153,-24.400624425223345
455,-26.362602005098104,-44.98987693986783,-45.66225471116006
456,-28.696018092419337,-32.774697932911934,-29.999020196114266
457,-39.40801434719817,-38.21338548709752,-36.52438567357493
458,-43.74356441183628,-43.57410523555988,-42.76720183311133
459,-33.83769526742673,-25.165772378205524,-24.221576968368772
460,-32.42013771006664,-37.225952091882924,-37.927924589552305
461,-31.075556622420358,-22.41604543705058,-31.032295323193914
462,-30.40858699951908,-32.806246872774494,-33.89783222681427
463,-42.11226694323739,-42.009634585145875,-41.483766872662756
464,-42.39680040972563,-41.81560126911954,-40.05792851307503
465,-36.925361553487946,-36.216895443730486,-34.880229046788784
466,-33.42802693128037,-33.64567253333596,-32.66846366769082
467,-29.03370754487502,-31.337305132520832,-32.763599902276155
468,-45.4906731775917,-45.33607870559664,-44.55396629706993
469,-26.780038334397467,-33.00343658285512,-31.226165401022428
470,-30.51262465395988,-33.955949447748644,-35.01570546941616
471,-43.10375941523588,-42.09952757740486,-40.506391813179135
472,-38.26816387074091,-36.328999895667295,-30.978555429026926
473,-26.12411401974314,-12.550490318833113,-29.912747538418838
474,-35.46272834415515,-35.72835959058256,-35.08441555639395
475,-34.56087169026666,-35.905350521809176,-36.03970695402158
476,-12.733641077621389,-27.012898895481015,-33.056046378258564
477,-27.312159593715165,-20.461612607688355,-29.655639753000482
478,-28.16284966567903,-35.52695560444549,-39.96409484889704
479,-34.06875773645277,-30.45454734735194,-23.257386371594073
480,-30.43333796227655,-43.16392040320052,-11.493767425371948
481,-14.166092108102433,-19.857724223249463,-28.30559446239157
482,-31.831851524073485,-30.129631188507577,-27.427636516166352
483,-44.828308857326306,-25.025536678234804,-47.59038652006362
484,-24.218306507316317,-34.46044512327041,-33.9539277539328
485,-43.823711967989965,-42.08964458861643,-40.38546909374699
486,-34.20511855394381,-33.22308345693393,-31.65284753299792
487,-31.21467543392377,-33.71845018469797,-35.9526182479207
488,-30.917672975329342,-31.04210546330165,-30.022341467205422
489,-35.02040914839833,-35.31638509972689,-34.39136350515412
490,-41.39383086809114,-43.210078740188116,-27.72071911880614
491,-30.191929948492398,-22.605905205835526,-13.37798616228721
492,-32.51852910667336,-43.00173988026627,-31.89582915786354
493,-36.459354861114996,-36.50269324524489,-34.271054532207316
494,-44.15963022661566,-43.44461490819576,-27.221390348992717
495,-38.3601016928373,-37.20458577584753,-35.486918933574316
496,-34.3219865562575,-36.4154656798211,-37.46526871484194
497,-26.310900105354214,-29.020743088055596,-35.60672249391744
498,-34.289519742223554,-31.80224442354379,-25.33138008344217
499,-12.453853688588815,-32.81568972567581,-41.619863086428765
500,-36.59928130278384,-33.8044684119435,-29.926819516815222
501,-18.056140237693164,-24.481525548065747,-30.183085305071504
502,-37.890104529607285,-35.74360707049512,-31.399581082463722
503,-38.4513540426375,-37.003958089910036,-29.94763734848489
504,-21.156658314056823,-12.238354466390879,-26.10796197962126
505,-46.00690544026626,-36.92838945451375,-29.529243600012272
506,-39.31527967731568,-28.681392086720354,-36.0997706943406
507,-33.98638792701909,-31.457185513822694,-26.934430404908518
508,-30.110094466107483,-36.83406594214316,-37.424080191420366
509,-27.746376572354734,-21.02540637384397,-13.36137789786161
510,-30.155274269663437,-33.487046747616645,-27.410506072995044
511,-12.389261389487743,-35.08774816600617,-44.95680794422987
512,-32.16751565912019,-30.38947957529283,-27.60814843112324
513,-31.03059989444955,-30.597867431195734,-12.501706273246342
514,-31.994205443883278,-30.665595202055563,-27.17640302793249
515,-34.26926184272661,-32.99824899731625,-31.213630916794564
516,-35.54996668124155,-33.715712570218024,-24.909505329004208
517,-36.16475541357351,-36.055260600492595,-25.877587464305115
518,-28.752254619644454,-24.718906847873967,-14.78531682493725
519,-35.19860358992838,-33.893259087902294,-31.310558098246677
520,-39.896964164224,-27.033770138492855,-12.670358304872039
521,-29.338962439080674,-46.76861149273695,-35.518470311999664
522,-35.2733220626868,-31.41916133977123,-29.94242722900521
523,-41.56391342010879,-41.74418837753219,-40.63620186451664
524,-35.73660863739495,-26.409433883726216,-37.24848114498692
525,-26.289877282701188,-35.39174799739521,-34.14700296913567
526,-26.992521979410174,-32.00200043385056,-31.33859847086107
527,-43.141487685964606,-41.39218436344511,-38.909331150055976
528,-25.6941898854277,-32.78733203051426,-34.81640154788274
529,-36.10337559642263,-35.00802849983692,-28.683921059402678
530,-37.08244273177733,-35.92161790018207,-34.14724179452395
531,-36.289762136924345,-34.40134703457542,-24.93480636600527
532,-36.216540692785046,-35.53871120398339,-33.94425635765178
533,-24.586178984970324,-42.49426585126894,-45.2854547074017
534,-25.867890085515217,-32.55782022386045,-32.90733017056369
535,-43.11856212654202,-38.09191017592304,-34.57600693135001
536,-28.75313644429024,-24.98503545247012,-31.97305090153135
537,-42.99893411851177,-42.54076249139026,-41.48861813295507
538,-22.63171663397074,-28.30211787429719,-25.022319577221467
539,-30.474122078429918,-32.03134817826265,-33.3578871456216
540,-37.1986307705883,-29.75746820787186,-37.03134913580078
541,-36.33037714108238,-38.2564063564275,-31.093328757177417
542,-22.60976306500725,-31.403101502269486,-32.93638704810463
543,-38.96427421054629,-35.9050689415226,-27.4874257800497
544,-30.17944025973754,-29.449638459316695,-34.211900391497394
545,-31.774991884145756,-29.685281334872005,-25.359004805152114
546,-33.27717837536928,-38.24345754463519,-39.31374071968619
547,-27.253301318558655,-31.383968110280144,-29.748319277882498
548,-29.361855835211284,-32.31267547803142,-30.54987623017913
549,-33.25227783228064,-32.76790862651845,-31.850453205731583
550,-39.256897030679205,-38.54604843158198,-36.78325960343522
551,-12.0075228746982,-27.876625701849743,-31.481860811259708
552,-41.333173835002526,-38.61825838627138,-33.48017589631408
553,-33.16111480107499,-34.43320087267265,-35.26104048365516
554,-33.07913282079491,-22.72936128858744,-27.95470229046056
555,-26.786817729076724,-37.982894390404056,-40.57124072976972
556,-28.25348753360256,-30.91953944473621,-30.69497612583202
557,-31.81456494510551,-24.696409157935136,-37.64997821902624
558,-49.696539412371045,-38.65504316165131,-12.347425513300713
559,-25.113685609280914,-29.9167120078327,-31.473844197842958
560,-37.47253218415714,-36.2231147931274,-35.27364065232322
561,-41.53791475042645,-40.082917130463386,-38.119077321431284
562,-24.19765051583671,-26.958817280457076,-32.40801592392769
563,-36.814100781320526,-32.71417528608312,-34.5014834671641
564,-38.710408224315096,-35.93615399872461,-25.959926203557238
565,-33.21858436533158,-34.219493086727574,-34.84798137637916
566,-26.73712529777266,-30.816528482363424,-28.845348212655892
567,-37.04753252504388,-12.341373273563086,-31.463619055535432
568,-46.4109531926395,-45.78222415967012,-43.84538435264592
569,-38.66412629499392,-34.40308757408117,-31.1748245901302
570,-20.670976748852247,-29.517296966546667,-29.69346247939918
571,-34.46397568860206,-32.75864633396679,-27.414661642373467
572,-38.949782955545736,-37.49371491926218,-35.12903802502651
573,-42.0704371607819,-42.128610301550225,-29.13980467320968
574,-37.27988474397334,-36.29638887668712,-34.72285639153983
575,-33.81980573181942,-26.935105003028603,-34.388221846701924
576,-34.56150963121227,-31.530745867716714,-27.472468453835983
577,-46.11463774153805,-34.26008242085902,-39.35818794225484
578,-41.39221162643851,-40.14748964098164,-38.003254037492404
579,-31.66888123000873,-29.932449058785554,-27.183915170351437
580,-32.08443207290525,-30.76899383342238,-28.63249437935876
581,-38.636742946868395,-32.9723082082008,-37.02988432321816
582,-33.64893344725665,-32.70840240256319,-31.183306850277468
583,-35.245805693443025,-34.192284752076404,-32.59018809395498
584,-35.69596466874373,-36.96596504589715,-35.46118809011269
585,-35.985614511053335,-34.30119196099297,-25.835660810638
586,-26.62720684550048,-43.682650336928425,-42.65428665144366
587,-38.68200271744573,-31.619514149969316,-25.37524497570562
588,-33.6198810941093,-33.638283798522664,-33.258077036096275
589,-38.60324072397156,-37.55593018198261,-35.72739878424749
590,-38.374214820433835,-38.108459983408665,-36.94133476935405
591,-37.431653483876765,-37.22901185266765,-35.95505897900886
592,-26.775656601950665,-35.58704728890575,-34.792910460822405
593,-22.702293760369674,-33.41686666756087,-35.56600040442889
594,-37.32755724965117,-36.91718035925065,-28.665048874523457
595,-35.20918679773228,-10.97216570428438,-39.52386253525625
596,-30.952543683771342,-12.293784697859842,-32.475020971296516
597,-34.20028394481899,-33.876231663283136,-32.44357670782811
598,-32.833096654942324,-28.172216917034053,-33.21806641401112
599,-34.565540188393825,-34.129176052524976,-33.21461814620242
600,-21.816333616869752,-34.633302623365545,-38.95588372129344
601,-31.85179744644184,-26.707987630757554,-40.37052550806658
602,-37.363696868690724,-37.500491985136144,-32.560856399223375
603,-12.397293745693336,-30.847485577355386,-33.71477590362274
604,-30.686067398558844,-32.631600636131715,-32.101404811790815
605,-32.22667787517131,-31.506465837674497,-29.993061858117503
606,-24.566027850830086,-30.438796131679936,-24.20658417039693
607,-36.8442663390225,-34.001770804559456,-28.998072480969622
608,-25.278561727447382,-29.010744220601183,-31.212064237668518
609,-24.855826201266716,-13.968607668139029,-20.39423269254389
610,-36.69058415018123,-29.370683636337816,-12.58351021719921
611,-28.501094932851423,-23.9537048180609,-13.235709985285233
612,-42.398435813813656,-44.75822068721336,-41.850689609944965
613,-21.962811769880663,-16.012504502180533,-18.05613724954416
614,-32.14069395761865,-30.391283611122123,-24.612004059616307
615,-34.01241547225325,-34.59743772735116,-31.23163507123313
616,-33.83923320694081,-33.80841725073229,-33.25501878629432
617,-42.77006114767591,-42.450863503434405,-41.221821667747314
618,-33.84148104759332,-31.04496724048481,-26.916511067498053
619,-33.91137792062159,-38.23628404353197,-44.95727566402164
620,-12.929680321487808,-27.09092236812969,-32.44909229430439
621,-41.58703077097687,-38.02222070415687,-31.054081621400837
622,-20.233371316313903,-13.991936172589782,-25.22231679549281
623,-35.63536601280066,-34.07157625288033,-31.358469134553534
624,-37.01927393626838,-42.487584395197764,-32.175341361730716
625,-23.46140236782348,-37.9844732310386,-34.354400719838466
626,-32.00507073611349,-30.403397835445517,-26.12183448477429
627,-29.853214136022753,-31.97478296576401,-27.151217495882555
628,-32.908299368629685,-39.57473701443324,-38.86103182639826
629,-28.051165997889637,-37.648523982205695,-35.50652339234586
630,-35.44581809056447,-35.44836784139874,-25.555738834011294
631,-36.81221584344171,-35.25434869966013,-24.879039935632594
632,-21.831379417349734,-32.101985187379555,-34.29626644558518
633,-34.36242487524373,-26.20558618401413,-27.94836020654659
634,-36.795273174463844,-34.698869886348035,-31.650778937186324
635,-40.90837776944702,-25.63122425672574,-37.53686437472411
636,-27.10338772247922,-30.032698928779524,-31.881744093719064
637,-28.793404505225833,-28.90392423415451,-27.2704743180577
638,-33.32937882434118,-32.141676993513684,-28.743790127863203
639,-27.837254944172223,-25.703076801295182,-33.48857773550269
640,-28.096858461084537,-25.796164193359385,-25.22363690570061
641,-36.285128006210435,-36.034042861282096,-35.653645319693005
642,-37.31270117283643,-35.83511706231717,-25.712701872456712
643,-42.921567039669426,-41.137876397549874,-37.87129252511186
644,-30.677840524693153,-33.37915710955122,-32.287528541721805
645,-40.546370108028455,-40.281481068783826,-38.92279329719622
646,-27.833258087002235,-33.780161761932426,-26.42378871993458
647,-33.48364463713125,-32.836993242135456,-32.05374864444473
648,-32.25352063611069,-30.313075415507917,-26.572850297274503
649,-22.651886137881444,-30.203503481251687,-33.05028737721892
650,-33.05233600474476,-31.256084021842973,-29.292840735159153
651,-37.582331295914344,-38.351171615096995,-27.245634264664567
652,-33.58639783571851,-33.546390256413396,-32.82265089295948
653,-31.7353682952878,-34.56076911994038,-42.92886604044739
654,-44.90035335540049,-39.29332354631785,-34.345775462241036
655,-36.46212423051521,-45.08354185386953,-36.33202071692503
656,-31.318616936851,-29.405066613691034,-24.067060139372973
657,-35.20928873218744,-34.42196374960042,-25.562148681997698
658,-22.278796599934672,-32.06898492498724,-27.66551688490471
659,-40.411019630176305,-35.96606080514554,-30.394505649945614
660,-27.816192938713588,-40.73991481607404,-40.706466011449216
661,-12.225892199367681,-41.67477347134663,-40.043679059776636
662,-37.43016147636757,-34.320751662750894,-37.2480895365031
663,-43.07451805394517,-41.836754585236555,-39.75763641672063
664,-26.043862792362837,-29.954324624543304,-27.331845499012935
665,-12.494596872914766,-36.073004618430176,-41.114033311557506
666,-39.738009126373115,-38.22311559952179,-35.618361001760576
667,-29.27546828167926,-13.912022197085738,-22.312623622637805
668,-32.65878271831022,-34.63264925387509,-34.395480403181764
669,-11.595441609806025,-31.264578851857728,-32.25147318910745
670,-44.00058456766352,-40.80446835588367,-31.7736938550171
671,-39.95486227772497,-39.46493987533088,-38.566844212858385
672,-40.044190349220216,-37.79565383319571,-31.306644742087897
673,-34.62824980695644,-28.56117951897158,-32.11322574406731
674,-31.395469119052635,-28.95671030395924,-24.85489741578942
675,-33.05130639005083,-30.848060569361397,-31.918406440206276
676,-36.1055162097812,-34.8208841871522,-33.02283323283308
677,-32.97857871381838,-28.1579341101695,-27.314564509908237
678,-29.325358645090258,-24.650253163335627,-13.515659028072047
679,-27.996920020927988,-28.840296578868248,-28.589399884156165
680,-37.13598916571392,-35.622311851005605,-33.08585562444626
681,-32.30928891354893,-30.491363756864068,-26.033065276418917
682,-35.095903018262824,-25.960462354804793,-31.368596491435156
683,-34.679942297461636,-33.36144583600359,-31.28093420534561
684,-16.33725926200829,-25.554673586845663,-29.44031551748271
685,-27.60408893307856,-30.84431638013392,-32.35407173626291
686,-39.57299532207463,-40.72677297446694,-40.50218602983659
687,-24.766744583127185,-28.706932994472183,-30.686540011674452
688,-33.47379140544217,-31.701923831931996,-26.202705411254787
689,-32.49026714898997,-35.114175135880835,-24.007318804856197
690,-46.7281894345654,-41.741352704320505,-12.414975099355523
691,-33.63671408100322,-28.12296701850212,-34.2385427692538
692,-33.072433988954025,-32.14734979589221,-30.58714650913994
693,-37.436369883628444,-35.275526979755654,-31.826119545692823
694,-33.94954251478162,-32.36159892574703,-29.848150537398986
695,-38.69926738141714,-38.03809518234846,-26.85536800387257
696,-13.374770282570998,-22.658359935977096,-30.783247449803493
697,-31.206002417435485,-37.13353257922573,-36.8116289972177
698,-26.813826119378874,-47.1788505807412,-49.6889862049256
699,-30.520537974203137,-36.261743954206956,-34.343517051870776
700,-38.67612500450801,-30.984458869827556,-26.33889055882563
701,-26.333056109804332,-18.469773108373115,-15.196539637901452
702,-35.9532360379871,-37.51673991112402,-38.42360327901568
703,-40.85068043675341,-40.68378320759869,-39.29632219373467
704,-38.27166072788473,-36.95053079939755,-34.70916699638025
705,-40.84942539260295,-42.22008336946507,-42.53708945975579
706,-25.29200850372762,-15.120540801945612,-18.070454508775857
707,-37.36248060911084,-35.578699574268946,-32.56052604824624
708,-23.57830930769137,-13.156246055306141,-26.447207661430184
709,-29.273021457471557,-24.849408209768097,-14.776340154081481
710,-25.56629306394905,-40.1084670939576,-28.210533287557624
711,-34.05757507894017,-27.65419532704534,-30.04827560621155
712,-37.04354624815973,-36.7665061902205,-35.92317605352885
713,-25.093296111850556,-12.972668988731797,-27.570428455477234
714,-39.32764980972904,-37.673167126716365,-26.876014855172397
715,-28.03271952329487,-22.25324769159833,-15.520412624748179
716,-38.934893984804134,-37.59814089610322,-35.69740695490943
717,-39.60252097165086,-38.1139441937781,-35.809286746616316
718,-33.42914589755678,-35.925274491424915,-24.82786625045992
719,-33.187942295776224,-33.97138387248947,-33.797838602643665
720,-29.31351123768313,-26.500833017836257,-21.07093952943511
721,-38.17850748732351,-37.97275276041732,-37.37101148372399
722,-26.090913135631453,-33.90898111812864,-40.13511052417062
723,-24.674671703659815,-32.50336470655489,-28.050802905040534
724,-49.15672394129112,-26.022504166228295,-36.07981571876676
725,-34.922701232331185,-33.48146232675617,-31.273528887966442
726,-44.21753132613057,-47.55114793163041,-47.617439240642206
727,-38.08364469346978,-37.07192024085077,-35.518464770240904
728,-25.073665263121327,-29.678047650462112,-29.67017097399185
729,-36.28779984929126,-36.38444550893968,-35.65304732222624
730,-12.644878600796519,-26.43588052425371,-30.865372574987827
731,-33.81227073888077,-32.94518853242302,-31.480553921299137
732,-33.37539880430348,-32.38626640139704,-30.805412328992674
733,-40.68175876675821,-26.607779992725064,-32.1481772041544
734,-43.94303482070795,-43.035572890639145,-33.50548591095773
735,-14.93169502611456,-26.700539721047832,-34.185594723810695
736,-39.3564647123723,-40.802754543821976,-40.31025616385048
737,-34.29503940636994,-32.976369534390145,-30.97049774933255
738,-35.68274650530206,-39.52479205230809,-41.94278098767411
739,-42.672236535011635,-41.3473051055103,-38.9314141873384
740,-22.73356706704773,-30.648915332793326,-35.608843678433146
741,-36.646615852268845,-37.55430960416625,-36.66960876512022
742,-34.9814151806371,-31.862601093921544,-32.77611452996905
743,-25.799901228824574,-29.53928734572901,-31.65321547146342
744,-32.636744034677044,-31.439539915839738,-29.611652729329272
745,-32.95427969682579,-25.823969158499196,-33.59108573112966
746,-28.55309980585831,-35.297660660181435,-35.74201831881324
747,-23.17219698302611,-14.410576823468684,-19.311295372453007
748,-35.76345315640851,-34.57840218884599,-32.78041784423269
749,-37.79702256964605,-36.68485233374967,-27.17929295696336
750,-29.145498738551815,-19.013344877997252,-13.721956767215628
751,-38.81720139195522,-34.391336637982455,-26.898371510077254
752,-42.7875284327348,-41.45640274111131,-31.886202965409378
753,-35.03602915948342,-33.37684102302048,-30.970132626201035
754,-45.01757753861442,-38.18208189359763,-11.7656511148013
755,-28.903515904044454,-24.944687787163872,-32.652333952287
756,-34.720412002924895,-34.90702413732723,-34.69440186091097
757,-29.051621118934957,-32.86323642141845,-35.163886188682866
758,-33.053854998971744,-26.37012052524277,-31.29886911364538
759,-34.50006196723336,-34.28440208665209,-33.60089555952844
760,-36.32159056198002,-34.280163485093084,-31.355466261478817
761,-33.20859229049872,-23.738550062002478,-28.63020214959178
762,-35.99826209011415,-34.30485664192057,-31.653892932767764
763,-39.3801927281607,-35.229888385414824,-12.351290658775246
764,-29.37202524513715,-32.64278462545566,-31.32616184593928
765,-28.724913957117387,-32.11912980761626,-31.61532175570433
766,-32.65267242997131,-35.06928785052101,-37.6754151256744
767,-37.38323261564713,-24.040010226129244,-26.29597320525326
768,-35.189569996053784,-35.502373016862514,-35.28747145633556
769,-38.505092046685704,-37.80200190663189,-36.384608563071964
770,-39.22759985408773,-31.20336544444395,-12.493294383961683
771,-41.29577905015478,-38.84921022321112,-34.432661554123854
772,-27.95302585785814,-32.976242583898795,-35.9110043567634
773,-37.65157613281253,-26.952610787913585,-24.435661885934262
774,-12.282593916321371,-36.63262963195193,-45.960848537303384
775,-47.80264380055477,-11.003467521867474,-27.205484437642504
776,-22.123639568360502,-49.942438250224185,-45.88514372563519
777,-41.368442706408075,-28.294483388848363,-45.555047392103354
778,-36.43886728228538,-34.877210353577716,-30.676256374362943
779,-34.70519638880803,-33.59210746346722,-31.917910826334715
780,-39.42017125229805,-37.42707567288895,-34.00824692479281
781,-29.135055221523814,-41.803385209471756,-41.45308237050629
782,-37.6148406678849,-24.79319042868623,-31.64554787552788
783,-38.61864072322619,-37.46563764394084,-35.78959446183661
784,-40.63565697440376,-38.14345189931424,-12.19864766437922
785,-29.63485740493997,-12.560733540645248,-29.39084342993837
786,-32.47423307323524,-33.36179572269523,-33.31976128015346
787,-47.43935272608077,-49.469930474345574,-45.26934093187439
788,-33.91387262226017,-35.18328694904162,-35.78597587383943
789,-27.925245955684606,-31.926744343674343,-34.56944554481359
790,-32.164835906669666,-30.768707908390915,-25.918152785783967
791,-44.594966345719946,-43.29642146080929,-40.0854855316431
792,-29.36617479620674,-25.09878210979629,-14.177944071836562
793,-12.456681055719084,-29.254401490795292,-24.798553597818945
794,-36.58077346203701,-36.53277930480911,-36.140720710176886
795,-15.984823077048166,-26.126737209506775,-27.084823330608895
796,-38.20643920171867,-37.818149925177515,-36.53562426817733
797,-35.79062789933395,-26.348675452164745,-37.83497911804835
798,-37.78660073021021,-33.74723989340665,-41.65353210405654
799,-26.180712116015815,-17.89375737143443,-15.180990860716905
800,-28.01322563481898,-44.30269308917457,-41.297096205365015
801,-33.56116648552425,-34.531729029485746,-35.015349264881095
802,-35.54626110548214,-34.34724747769296,-32.53279856238182
803,-36.5165981525883,-35.3289102160919,-33.52085064730663
804,-38.25220588377407,-46.3373525176585,-49.72965494857665
805,-14.00105254384532,-20.275395388915225,-28.765140712608716
806,-33.2421547406332,-31.093585105398137,-28.07046218877476
807,-33.683737260141974,-33.126154480642434,-32.12700688563021
808,-43.12987042936101,-37.414975763883604,-12.42726357183518
809,-42.36926260016603,-42.57982251571888,-42.37312690081709
810,-30.562531764448835,-27.636188563849423,-21.710318835010064
811,-34.73901521058153,-34.33800720059334,-33.59343549799023
812,-32.85037432104073,-27.424448827142825,-37.015043393788545
813,-34.29755585738445,-27.105210546672108,-30.438981546708177
814,-38.29140926802585,-37.75885366321684,-36.76473276478792
815,-30.54877132158799,-32.76571368970389,-32.16403539885054
816,-39.72823651070882,-36.000875249300954,-33.88997924269138
817,-34.476213963638294,-28.65511288199548,-27.65633418624867
818,-34.26858546665946,-27.196215130681068,-26.318803261062204
819,-31.619407133568384,-25.64842380563865,-24.503696435269585
820,-33.47616129893008,-33.99835455007419,-33.51024429495508
821,-44.60475754848119,-37.76884913189765,-42.606770501291386
822,-42.5062165535724,-41.88448937131742,-40.83172525333313
823,-23.75383533817906,-27.882610748513184,-30.36881948867694
824,-44.601766732624625,-43.4253223843411,-41.48384878513891
825,-32.46547812494676,-40.509466896787075,-25.59146677856297
826,-34.025321071690705,-34.03019023371664,-33.60100195051126
827,-29.68442382684415,-32.24455319539828,-33.94871645135178
828,-25.09770692525921,-15.152788064764383,-18.182022485625936
829,-12.586812209663146,-25.032725143070948,-32.95413747612146
830,-35.705744985283275,-33.20243900013712,-28.73916420135845
831,-12.458011885177458,-37.1910662893545,-41.16251472943056
832,-43.10780290318974,-45.9921041674501,-46.5665866656296
833,-39.489994033919,-43.95489275394117,-44.005955240328234
834,-39.8064456945116,-38.44019581634946,-36.3961637429479
835,-41.91859676340403,-40.712024053743015,-38.81012505562747
836,-35.69913881821826,-26.868975082845964,-38.91854649281241
837,-35.078440152287534,-33.984665854621056,-30.02994200236738
838,-41.32401359461022,-41.370793150095686,-41.113606210189815
839,-42.290473389430375,-42.290116669643226,-41.75764279634741
840,-37.53085805456212,-36.583918972388815,-34.942314401523056
841,-41.41241691318574,-41.48913100393102,-40.98444831746417
842,-29.240817360873628,-33.68992247537595,-12.451506376605742
843,-27.53350387499138,-19.48313128030095,-14.304978664847045
844,-32.19251634751221,-38.342519741554234,-39.01895599747142
845,-37.29374226067448,-35.77789744125139,-29.619176057488936
846,-34.00965200224955,-33.08555308650362,-31.219154395851444
847,-26.991347951633877,-32.6109797780546,-31.676863078793115
848,-32.78741652111571,-30.549244630193876,-26.87593442096073
849,-43.21984361017681,-42.17893439394223,-39.745856523618805
850,-19.043746525744922,-13.57205277440652,-19.818837916081165
851,-32.522287785272304,-45.06378621603824,-38.996882378692746
852,-12.522390163303818,-30.508712153905062,-34.19102849365138
853,-33.3742752427173,-27.483418237413826,-35.89208898674509
854,-35.75914861219074,-34.260939085487266,-30.973791949151664
855,-32.37005077244613,-34.251766684542616,-35.1683646266708
856,-17.07648103934351,-25.058963878415486,-28.796172158836086
857,-29.658676672477085,-32.49322382654099,-31.379025516415645
858,-36.77931554676551,-37.99806609894943,-38.56161083454392
859,-26.497961593725485,-33.61120421466015,-34.263281668429094
860,-34.005112232369555,-32.673260562669746,-28.392731781692838
861,-39.990078170080416,-30.87442506390611,-34.826050178163946
862,-33.681352656223055,-30.306684982268486,-24.89226259270486
863,-34.10975452496193,-33.48646161210687,-32.38022072557666
864,-29.63671097767429,-32.08931218796236,-24.61597795444891
865,-32.75260965996093,-28.919193992038338,-29.841405594023378
866,-37.859229902182946,-36.79207169178677,-35.06237094409953
867,-34.26754275161253,-33.40296319508917,-31.68720046370484
868,-40.20035103402571,-39.79072064796148,-38.53801499740151
869,-31.598181087692026,-31.20503840970162,-29.761258131737925
870,-40.52014256674842,-40.108510569754216,-39.32539588432566
871,-41.50903559775819,-40.75369798995013,-38.98241398131598
872,-36.90680247189287,-34.68905813671723,-26.319053783365717
873,-39.18273154848163,-23.534687516884745,-36.65038625151284
874,-11.559242001746547,-29.825540720202667,-41.05847080502539
875,-37.57351404756208,-37.94182454282076,-37.27061568486392
876,-30.738939703941096,-34.91042420072483,-27.917459600629073
877,-37.5700551889439,-38.7124734878984,-39.29067089769552
878,-12.41253401352537,-36.25187795463547,-40.65927048338029
879,-38.51141215579591,-36.640419966103714,-34.165543551640205
880,-40.62193807798337,-39.63557531900365,-38.03569736266666
881,-25.139479517173037,-29.707151734886107,-25.98543813569497
882,-28.859860579005225,-33.908056864161594,-37.50193584215129
883,-34.073413676348075,-35.678932460947934,-36.866811547727885
884,-34.33558260664668,-33.29496305719067,-31.54092442420824
885,-34.163738318998334,-25.188576406522074,-29.271191874083925
886,-38.32251184513296,-41.84824546745652,-44.03672584142737
887,-38.99830346088173,-37.88896083728561,-36.21222037306743
888,-35.518830640206936,-37.135233139438064,-37.985600314701955
889,-35.50771007655457,-35.0371817679864,-34.04925473880452
890,-28.72221849306201,-24.747374867362623,-14.206400876558796
891,-31.042242168660508,-23.946873615122346,-31.486480534454273
892,-38.78664954580927,-38.51658351402084,-37.51691759263664
893,-32.94014672574892,-33.423687812528776,-33.46097712341656
894,-34.51514865511367,-35.31221740150034,-28.31914186283246
895,-40.28299042833616,-44.30720750835428,-46.452565007804665
896,-33.58455916270707,-31.63622947819835,-27.326323654024645
897,-37.26037087088896,-36.55896595549376,-34.705271874940856
898,-22.559748268828194,-31.730573693280384,-25.319047813719347
899,-26.870305275539263,-29.738766747059586,-26.082788817893107
900,-32.618288439258755,-26.394518313205445,-25.057759048077806
901,-30.28680539631885,-36.99481037646012,-36.11621476091689
902,-43.299400594461275,-40.78021777693411,-37.760758147754274
903,-31.394541767811898,-28.592123422194888,-22.793107138113655
904,-34.41870570728896,-34.17607764788411,-33.01188194964881
905,-31.057674818361797,-37.48428098389512,-37.01374801107168
906,-31.241213851984767,-12.41267620815129,-33.63970132834732
907,-12.179625671469799,-36.72369838366413,-27.022353996396905
908,-32.2774524532913,-32.389426396566265,-25.35377417582733
909,-34.671707879014676,-33.31896641861401,-31.128655845517205
910,-13.579689184387387,-27.38394106454521,-25.343632338912848
911,-35.64780585320422,-34.50714787505139,-29.41088714194205
912,-34.33095611925941,-34.44287941191642,-34.12559098481945
913,-26.087656305342335,-27.1145698427117,-33.63529065941593
914,-30.595016588504222,-39.70365958286148,-12.314707715876034
915,-23.33329564704323,-25.543382016119303,-15.166575469266963
916,-37.59150013810115,-24.780931641385322,-36.879152858882925
917,-33.09863244773151,-28.458190339082975,-35.13076716365231
918,-25.04276006053948,-28.76926325550777,-30.672003015617165
919,-41.353709086204525,-39.595180567888335,-36.58400238200586
920,-12.281638501963288,-44.47533637029259,-42.18839627038905
921,-37.366482478327434,-37.76267730835569,-37.58071763067971
922,-38.43197485106131,-45.633949751707156,-44.60261948979771
923,-32.18901233772517,-32.9550802869137,-32.61719621885832
924,-35.215140470691054,-27.972720726189195,-12.720786301187214
925,-35.93657262961186,-35.58205603404956,-23.224810772601835
926,-36.17875958446133,-35.852639349351364,-35.10202496841593
927,-27.050830291262642,-13.117944310330454,-24.081903793543194
928,-35.50960060368558,-34.29077808087204,-26.250013059772172
929,-33.38485318402985,-34.12110103251053,-34.221416757006324
930,-34.13371506245526,-32.934179972988176,-31.120950645735725
931,-39.093966266056704,-38.4599559771189,-37.32627075088712
932,-22.247796545933607,-31.632450380406063,-33.9282635223958
933,-39.684335121698986,-34.707213291735975,-36.28190773580015
934,-42.08282457447794,-41.54453721650491,-40.409455869996044
935,-12.365162629472266,-20.551518801777284,-28.708900845476187
936,-32.194706838748736,-42.17459731119763,-39.68732539096241
937,-28.05319248898797,-24.029787476811634,-34.00879564893539
938,-33.22421404108556,-28.521673958894983,-33.31683123891857
939,-33.47426668767345,-34.54513055115723,-34.17472646113447
940,-33.220707651692074,-37.30371932725083,-38.874809978963995
941,-32.02852420469756,-34.040129322924486,-35.010368649788546
942,-39.66857587943246,-38.630122553649514,-37.01566705954059
943,-35.838242734655054,-24.03318003131734,-32.08479422272471
944,-12.557445791910173,-30.163846618064394,-37.69464555058727
945,-41.01538355911629,-39.911474588599575,-38.1672836700842
946,-36.33293311483529,-25.01859618800321,-33.81005252953023
947,-33.09606558782363,-34.08544150468364,-34.124811106715526
948,-37.75563272477092,-36.24842889391418,-34.28815493824472
949,-34.64946603087883,-33.11174703977275,-25.282874777882544
950,-40.46504478423792,-11.508210617362218,-36.367785592289835
951,-38.94517335768592,-36.46136027835618,-26.523482128702636
952,-34.305038093090026,-37.30843738937011,-39.9655144054256
953,-12.299198193419445,-41.905032908545124,-44.040372095240514
954,-37.512517952336474,-37.885159570969236,-36.7459866129071
955,-32.709357429169245,-30.38143278540816,-26.125050252912196
956,-24.7655661378895,-38.54351317268369,-35.56794917728093
957,-35.7430089239544,-35.447228683247054,-34.65439748629333
958,-27.546681827789836,-43.441125654001226,-32.890782093272776
959,-41.605078303541106,-40.769994173690584,-39.32151871307484
960,-35.1200957124174,-35.80838532820329,-35.73643190628537
961,-45.674952263901375,-41.633931912449604,-33.56016070093498
962,-37.465851913715916,-37.06480270707954,-35.960119227534776
963,-32.175121976173784,-30.27467364382251,-25.191306332087166
964,-28.29549444810647,-32.923296653635944,-38.40798711297042
965,-37.54143485939384,-36.04618013419577,-32.19390702873585
966,-33.73600575526006,-31.616417628383402,-28.20743364193667
967,-38.221775607764826,-37.73589675822849,-36.364967875124805
968,-35.09157310759538,-34.5873078445167,-33.436203773410085
969,-32.9499375527073,-34.35699197570738,-34.04872517541008
970,-32.62025148568732,-31.41910674555554,-29.58582913817282
971,-32.71734416828281,-29.479113688204247,-30.282839818318067
972,-36.339990317402396,-35.11173052609578,-33.26214859767973
973,-33.80168952122652,-32.14474811696484,-24.356067835046463
974,-30.591601895871214,-28.160692630623064,-24.104668287605058
975,-36.948860638469796,-37.160347349835895,-36.95713813585817
976,-31.22935790156244,-28.806711209176868,-24.783718851050306
977,-33.349890192095415,-35.63961231637704,-28.184970802208625
978,-26.714140496259148,-39.885538002112554,-39.44930400002973
979,-25.830803057658542,-12.885822199907327,-27.356740006894928
980,-29.142270250449968,-34.595663686515266,-32.6944298960299
981,-37.173215235694165,-33.89225772607777,-29.665863505255246
982,-33.87648043616621,-32.17702230150768,-29.69336306931109
983,-33.543676890580834,-31.73014469342916,-28.829928179383394
984,-36.80606832681565,-34.28583798177026,-25.422733013922333
985,-38.63717645520898,-38.078278214242964,-37.020192631992444
986,-35.01072913676535,-32.47134080905238,-27.82446364590724
987,-33.21945806812935,-29.616161884400714,-32.69412659536976
988,-34.26765232225279,-35.595660333297694,-35.9178698406628
989,-33.68073999852514,-31.241730569201998,-27.256859957277193
990,-13.243962552712178,-25.8872621124332,-30.01234235577513
991,-38.15216558862717,-20.115667295858497,-26.660084657167566
992,-40.57234270669433,-38.83883518793776,-27.82636585104434
993,-17.342849868549234,-15.507738674006074,-24.13138446162786
994,-30.439828833667228,-28.12371313418766,-26.358208461458034
995,-32.423779371611744,-32.57017639448523,-36.417169529208955
996,-45.439163209289774,-27.97592780378325,-33.686842487995506
997,-40.90324436223436,-41.97554318472709,-39.464823263024186
998,-37.76102821735171,-36.40476228989165,-34.225909014680134
999,-29.138915000412922,-21.345606026201764,-14.467904652151201
