,X,Y,Z
0,-40.479288745726684,-12.05726499647944,-40.998087324002164
1,-34.65616956243606,-31.829820255363966,-26.94756129992054
2,-34.32818689611643,-32.561206353352276,-29.867695102551824
3,-14.003559330552397,-18.87381702851936,-26.92576886197999
4,-41.91488504460373,-41.726881616252605,-41.230934350917785
5,-38.71486884022688,-38.47857314261343,-37.905596672838904
6,-36.80315801733983,-36.52612172200125,-35.900279948471876
7,-29.672925362612453,-25.5534984061768,-16.45188874796822
8,-32.195143713250374,-12.21138525078517,-30.33749313694836
9,-47.39396615055429,-43.88028097785519,-12.047782530730771
10,-25.190235308340135,-29.59858164996236,-32.24430897525151
11,-34.765643063385944,-37.64395037331572,-39.468584505172075
12,-36.06826943311778,-36.04885397294524,-35.70137301487126
13,-35.498622325193864,-34.44087409111554,-32.83536184131876
14,-45.85396207950161,-44.909312111868395,-43.31657261190968
15,-36.15293364117247,-36.519856753439385,-36.559190852574666
16,-45.76538175572289,-46.32962620426631,-46.63186581641269
17,-43.557823657472596,-42.47898189756265,-40.76288286454747
18,-40.677767200885924,-39.49207685421229,-37.66784002736137
19,-36.752378530352374,-37.962079106114594,-38.722660495747654
20,-48.14258959816144,-47.60905027594086,-46.61485806946632
21,-33.789848048044774,-32.08208114283268,-29.492214446762738
22,-36.119047276372676,-37.9574607778642,-39.16397460920713
23,-39.46136576064137,-38.53690968569226,-37.10478139952526
24,-28.910995535424412,-12.480932923484595,-25.894970034502514
25,-37.32876178329524,-37.386966998547685,-37.1248646576033
26,-27.044053952305966,-19.047935989169368,-13.929364302469525
27,-38.228220026816444,-37.64932659297618,-36.67053672388541
28,-43.55304386271813,-12.048555992760463,-43.234262410885776
29,-38.27558626562008,-37.06561537509386,-35.22939482210389
30,-35.43549754111507,-36.16503853458807,-36.53231883447094
31,-25.385753940090062,-29.56386784447997,-32.10763955725996
32,-35.63488103091755,-37.119456855246916,-38.08514575278121
33,-35.97715009888124,-34.79064792592041,-33.00100054264728
34,-34.16651222607748,-32.41033852066768,-29.736408330706503
35,-33.931613994493695,-35.48147531832283,-36.49747322711143
36,-36.065656166388194,-35.0335289974568,-33.46233846699997
37,-12.296893017071666,-28.44712836566389,-34.85630373758247
38,-35.16559528434857,-32.892057127538024,-29.24442798996829
39,-39.873233248400275,-40.75581246239567,-41.26364800661132
40,-27.544995330514638,-12.351159731429915,-30.068674574066563
41,-39.636360249301646,-39.08996031670567,-38.154219362872865
42,-44.195531882675056,-45.66729174489215,-46.519927542316914
43,-38.2027102726824,-36.992732158794674,-35.157028842693364
44,-41.11455671257295,-39.938752824296806,-38.123223156934664
45,-37.76178068117175,-37.37194986731954,-36.61937003555237
46,-44.15698852034147,-43.115774882649646,-41.44163724597868
47,-32.42444132135794,-29.95133812189121,-25.923504474633855
48,-36.62285984678037,-36.34028226368384,-35.707689166544796
49,-48.99120884791554,-48.88107816045728,-48.65931126478358
50,-39.52744476603779,-39.61310301832144,-39.3913243596605
51,-15.068117207685974,-16.982581726543664,-25.797996116390415
52,-38.63900909220466,-37.6897853992913,-36.22623715577426
53,-43.346593035161874,-42.57216120388138,-41.330752955975704
54,-36.227628929222206,-39.09267244230642,-40.88205339426348
55,-27.98909722112182,-12.63430800882377,-24.4759491555847
56,-40.65827657242422,-39.47218853781106,-37.64761497281729
57,-43.52014187793033,-43.077256851680026,-42.289324840478585
58,-32.55739569625125,-35.99286981906586,-38.12754547422657
59,-48.89110171931809,-49.00036796220236,-49.03230573704082
60,-34.10320318271893,-32.35197221701024,-29.68687811540482
61,-38.86655183637016,-39.096497979967445,-39.01549140752462
62,-39.235324656702694,-39.99237621899345,-40.394480849659224
63,-40.198985751276346,-39.00455010961581,-37.17325901680433
64,-36.4402563977064,-36.814614772225866,-36.861958734105094
65,-33.845088826124176,-32.12361507692532,-29.510442746403186
66,-35.00711197833886,-33.914202395026045,-32.260652187879316
67,-40.10020704982372,-41.850108959152536,-42.96028609583927
68,-44.64485505108337,-43.56581439568485,-41.80486271883573
69,-40.67619148708222,-39.790880236341046,-38.408157974318506
70,-47.19477182858394,-47.12391731512484,-46.87632691337122
71,-35.95521523646866,-35.945004024258054,-35.60685034840055
72,-13.929324942758559,-19.048030368801466,-27.044118583700858
73,-32.2939552311701,-27.358753286152137,-12.78123475350623
74,-37.001126375451236,-36.25339400741574,-35.06079849574717
75,-22.70496052130853,-12.902574255277006,-26.956753612034273
76,-32.86789386235349,-30.143128813296993,-25.542638924474055
77,-35.59738405759683,-34.917648112666434,-33.81102742564192
78,-25.18661102960664,-14.645534390132827,-17.622752538987612
79,-40.32462731090472,-39.13228346673069,-37.30260203309268
80,-33.29127935112882,-35.091859650541004,-36.28507314915182
81,-29.857903580735858,-33.46122066825951,-35.70822141499561
82,-34.559318081842235,-32.96152623358586,-30.54825644904505
83,-41.689165609148056,-42.173074960103555,-42.354642865502434
84,-45.2491571165566,-44.5931797075475,-43.50917315948158
85,-34.2755326987244,-31.464371647190674,-26.628968432002146
86,-31.83410364705534,-26.9513246042118,-12.90440568530194
87,-42.37440099173693,-41.55411792831394,-40.25377918124387
88,-49.94083771995588,-49.927122502148215,-49.89964397469927
89,-34.35427743572842,-31.539769295252906,-26.69427439469534
90,-39.572836509680634,-39.97520703292308,-40.06430347897052
91,-29.5004831420856,-25.184748854276926,-15.118506225058336
92,-40.67795440170112,-39.4922678922605,-37.66803432058254
93,-35.45050063755155,-34.28053921898182,-32.51652097167892
94,-14.012603014246928,-18.853097414356633,-26.91182263241992
95,-33.85540649766699,-32.13209152269461,-29.515761936133362
96,-40.65380020457635,-39.467621345130794,-37.64297105067331
97,-33.36506134239351,-35.16807471724172,-36.362740436371624
98,-25.647020530819876,-13.651836021073231,-19.773591948054857
99,-34.5183133839369,-31.69718267844663,-26.8313480185383
100,-36.12878361326184,-34.93877272960559,-33.14346569006618
101,-42.142671699061566,-41.31253123370337,-39.9996331022292
102,-37.40716953383596,-35.93322475577395,-33.69689211732296
103,-35.73296159147456,-35.069256416000925,-33.98273445130938
104,-29.498666262186134,-25.18707132215347,-15.142694392843232
105,-35.676578233807426,-35.98969652470131,-35.97602337000228
106,-31.54222125074114,-12.244933280329032,-29.505224148455774
107,-45.523506369081346,-45.64958081253558,-45.56076943186252
108,-30.493890154586254,-25.81594357224354,-13.494530946806568
109,-29.61434507873131,-25.46686734197585,-16.23586493873645
110,-19.255462040085025,-13.844976598384173,-25.486599000954755
111,-39.15327184582915,-39.07171398441661,-38.67147863933706
112,-37.14384469848531,-35.9387121713572,-34.116713901671744
113,-48.76351171128363,-48.80762159780708,-48.76959909644927
114,-43.31956683743072,-41.53284219161395,-38.50224893526496
115,-40.18585715349601,-38.99121107980217,-37.15976147223971
116,-32.13115239017388,-34.442835353323076,-35.97172291546065
117,-33.62993472137694,-30.03906616119533,-22.93553884711323
118,-36.115304087616494,-32.68738058134482,-26.016667925803986
119,-40.91075374305152,-39.7301015194151,-37.9102284704463
120,-41.494431299164944,-40.63851879536088,-39.29292501562251
121,-13.896219689426585,-19.128196047955,-27.099212844653678
122,-26.941774292536557,-30.808242558964803,-33.201189340795494
123,-15.157380606330587,-16.861221532832545,-25.73848588322001
124,-43.71512777872433,-42.645526536275696,-40.93960333639618
125,-43.06356610518068,-42.8926433164068,-42.42965159124174
126,-36.73119049163695,-12.092203000156703,-35.74051656939331
127,-39.59238472381418,-38.38978585502429,-36.55302640967817
128,-42.679211219384605,-40.97541253796139,-38.172512854470426
129,-44.12465322272091,-43.081234840111534,-41.40460149576945
130,-47.58799891563187,-47.809197911994474,-47.88191124997526
131,-35.15350785003144,-33.998526043573335,-32.256817480066594
132,-40.02060895316895,-39.931821550782374,-39.5294686385509
133,-35.02183664764515,-33.87705354958472,-32.150226101528816
134,-18.459786108060335,-26.652647229799594,-30.557539902556975
135,-36.36728742004651,-35.17253937019155,-33.3693871565613
136,-40.742197937212154,-39.401428901312,-37.33045184082191
137,-26.85893795264361,-30.73600034453179,-33.134371762093636
138,-35.998933983895476,-35.686666166622935,-35.01891967768068
139,-21.58166340854968,-13.133818020883295,-26.38602365891917
140,-33.161008368805774,-30.412542075767966,-25.75110769072285
141,-37.50176874991903,-36.293922262509966,-34.465931775745645
142,-41.22772906910811,-40.05480102356838,-38.24190257606607
143,-39.530902961789735,-38.98209546822829,-38.04311282061472
144,-25.2184182008575,-29.492480306164524,-32.07964832345394
145,-34.20756804690867,-35.27813904331172,-35.929129299900836
146,-49.37204364806031,-49.68967169232478,-49.8054637579573
147,-36.94082931503443,-35.737773909054766,-33.91986656071508
148,-37.91889763084383,-37.6680530301148,-37.07537807705344
149,-42.664410669825116,-42.48744424511462,-42.01242362778838
150,-36.10720876804347,-29.831768323684983,-12.231073152469001
151,-35.11532291316577,-35.77578657080728,-36.081802884687875
152,-45.66270999194189,-41.066581279131505,-12.054942696496354
153,-38.00774117134472,-36.16942873262946,-33.30331704363358
154,-40.66811702447835,-39.48222932216735,-37.65782523097944
155,-35.98807872314974,-36.28342283697102,-36.2534971440509
156,-35.140380862641855,-33.5745307404608,-31.209287888552105
157,-36.70076423040528,-35.958136935568554,-34.77210577583152
158,-38.299075442055475,-36.461821091607746,-33.59130108963968
159,-33.6191402732576,-39.52530710207127,-42.453962181844894
160,-33.45405901611999,-30.685698476129524,-25.971445384101905
161,-28.98452979304293,-12.470959103400167,-26.003560889825895
162,-38.10772113885572,-37.525935380523066,-36.54338123128792
163,-12.21217499805663,-30.316145882511844,-36.54588248542949
164,-34.80093984318805,-36.63331446687244,-37.842703566577185
165,-26.054510367576817,-30.05631008286104,-32.516808578836155
166,-40.621967570468804,-39.43514832311144,-37.60995891963815
167,-12.5547902404582,-28.423597283412498,-33.46763243512923
168,-44.539374857042745,-45.8995297370521,-46.68672715672955
169,-36.24289019703355,-35.05050297672189,-33.251294563056796
170,-44.01026224386979,-44.36484128840294,-44.46098640461595
171,-38.4039838997878,-40.21303982234345,-41.38183507702866
172,-46.10527617152626,-46.63889682301135,-46.92296830007287
173,-38.614889127609466,-39.01486294963324,-39.095863300554136
174,-35.180267493742676,-35.89979231031928,-36.25785215861757
175,-44.13805235165995,-43.01264071672315,-41.19560379520956
176,-42.07569753130693,-37.01185348691974,-12.088570173248511
177,-36.424786457421725,-36.798791351150115,-36.84574741494189
178,-38.123880831351464,-36.9139424968205,-35.078857401935515
179,-29.507528627402493,-25.27478884262767,-15.633791802405828
180,-36.62953219996946,-36.00719669595811,-34.97271895212137
181,-14.611229555210404,-25.190739382058972,-29.599862410541856
182,-35.958166804608645,-35.61837600365176,-34.91916857037021
183,-35.90283078466961,-35.183166305816556,-34.02632728883926
184,-41.011265113354426,-41.40939333339923,-41.50602647017272
185,-39.18969446224776,-35.96051752868985,-29.669711559268194
186,-35.568309431803996,-32.10649534171861,-25.354846614812196
187,-36.06747156292843,-37.905963775330505,-39.11284585356068
188,-32.149121092767935,-29.621137078371788,-25.477229793824353
189,-17.43556253815464,-26.036435885005442,-30.04169014474141
190,-41.869632692104005,-42.05558697157982,-41.95738708513727
191,-37.108405371666095,-35.903606240632826,-34.082284300022636
192,-18.673456680774215,-14.093003065323817,-25.340322462532047
193,-39.217006644658674,-39.1348421142243,-38.734334549014456
194,-34.32343468646651,-27.854493747836486,-12.331387605606647
195,-33.830375969667315,-32.111776858310094,-29.50352083042299
196,-36.426523865067864,-36.13705888163864,-35.496170480078526
197,-48.59171083054643,-47.445188173982785,-43.96543504935163
198,-35.513516057572275,-34.456550245636635,-32.852094362467795
199,-49.71925933439663,-49.6554279323012,-49.52958195736899
200,-49.885316610270124,-49.880937439723354,-49.86616690519186
201,-35.08236567095785,-35.79658629029558,-36.149829330402
202,-37.53235425248381,-37.27349638773387,-36.670412080779556
203,-36.89656156360093,-35.69401430434007,-33.87707073467336
204,-31.208025892212174,-34.00687943670566,-35.82666290689616
205,-26.35894101550548,-13.14721296009334,-21.524329902514268
206,-32.43535520363904,-29.96382316344161,-25.939247510665364
207,-38.864731841051494,-37.656357992288235,-35.817839470171805
208,-46.96601151810174,-43.018286753041394,-12.04906428855554
209,-32.03702002314759,-28.31372242738206,-20.786682349023096
210,-35.50318096755358,-33.95429171891862,-31.613904418780553
211,-36.773348555136245,-34.93952103225886,-32.10337250246256
212,-46.77428468859286,-12.043048654346645,-46.6525916197546
213,-28.021553989595724,-31.771439301957223,-34.10277356296268
214,-17.138624930752325,-14.957906609962254,-25.17484508565419
215,-39.03795460183289,-38.47790035948629,-37.52388908807677
216,-31.758212983431097,-28.006955346101922,-20.383521416582212
217,-29.72654129899929,-32.398792479238956,-34.154029995963086
218,-41.40011269068157,-40.23182447691421,-38.423244534130696
219,-32.5571729347194,-29.864138142801387,-25.342571184539327
220,-41.87646800336182,-42.06232396074135,-41.96410930712812
221,-35.12097598421436,-34.038989244348826,-32.40048401525787
222,-41.469262241121285,-40.302925180160074,-38.49618548825853
223,-35.38424687686324,-36.582575464412955,-37.334731100104065
224,-15.938198351318642,-15.95768043672055,-25.36828385185526
225,-38.899619676168136,-37.95816666464787,-36.50449931262595
226,-34.287657807283104,-12.138242421955752,-32.89748634723436
227,-37.20391648374366,-35.36685726832783,-32.518098702594465
228,-36.88170692399166,-35.0468925909591,-32.20733892315635
229,-27.71328811567107,-12.340251203654393,-30.191287615386454
230,-35.96608936176302,-34.77986030398769,-32.99064911684192
231,-33.9673235487033,-35.055184411579006,-35.719957424411575
232,-34.354702017043195,-35.416906403045814,-36.0612358523492
233,-47.18152936414377,-46.077607060885256,-43.93096999285777
234,-37.03055987729859,-35.19458158142627,-32.35060733021884
235,-49.84545079682272,-49.83929644804509,-49.819125158099446
236,-36.89787433108248,-35.69531170903464,-33.87833917543467
237,-40.47513967412687,-41.336955707823854,-41.83017166465422
238,-48.47364837787815,-48.01435894722971,-47.13842092846263
239,-29.518161485763244,-32.13579643450784,-33.85987153619658
240,-34.53993829200085,-32.940922065340494,-30.52578094739093
241,-49.94216677191175,-49.87881569331353,-49.549339110076446
242,-24.217257098730265,-31.12186045020129,-34.642808930759934
243,-37.13232487825839,-37.72358953270856,-37.97336488915997
244,-37.237146472885314,-36.03119334131009,-34.2074881158177
245,-40.35497667158992,-41.10042080013329,-41.49796997107074
246,-34.90181446677938,-33.79066566420685,-32.111724718760954
247,-45.07181411318584,-45.952232191415455,-46.467697294799315
248,-40.52712081395396,-40.92773547498139,-41.022399974325
249,-44.853910295085996,-43.253162190171096,-40.42948293575894
250,-43.11733416408279,-45.51571305167461,-46.7658439378677
251,-35.96964649207901,-34.93363237444575,-33.35727023301226
252,-34.72691173026455,-33.139181437943876,-30.741206187295052
253,-35.207560948359806,-38.08460221403078,-39.900955329691634
254,-38.269561763854135,-37.69165343836772,-36.71414793542488
255,-34.895362215503084,-35.58103214027004,-35.90887787251265
256,-29.515985020307763,-32.079367961187,-33.7713228233916
257,-47.93090452640914,-47.98777434381185,-47.918104823828436
258,-35.88509495794299,-35.16625708942835,-34.01046266159818
259,-37.52389766517367,-37.77758051737179,-37.71284424679794
260,-38.7505177851756,-38.18386167909682,-37.221113330297364
261,-48.01844244667616,-47.96219152583391,-47.76766247909145
262,-36.60247821087883,-35.403848443493494,-33.59401748062343
263,-43.58563383466257,-42.508394161068935,-40.79405303604329
264,-35.53068367715409,-34.47460942801531,-32.87135662086443
265,-48.04868285040915,-47.9930483085731,-47.8007169122812
266,-30.429110430774884,-25.76425254821064,-13.538972778430292
267,-35.185002116965286,-32.91243784111214,-29.266465606260628
268,-33.09558195556855,-30.35202546111281,-25.703377664178568
269,-40.318712490563556,-39.126266985292155,-37.2965059869357
270,-49.78212824640926,-49.65302891949087,-49.30093160399331
271,-37.288164120463776,-37.54670928861899,-37.48570522577238
272,-34.42910660958894,-32.82279377504831,-30.396455449726957
273,-37.44754072897812,-35.28105450072917,-31.801201981789635
274,-26.015183345867037,-13.345823861432802,-20.750283408996722
275,-42.80494435413739,-42.42070289177423,-41.700975114817844
276,-42.391162171072516,-41.256149082722644,-39.480373035270794
277,-45.070828920123674,-44.93355840356719,-44.54445286851919
278,-36.71629152622127,-36.43666140151671,-35.80765019411711
279,-14.387943818294527,-18.07688199963389,-26.411428958424416
280,-42.30336283255707,-42.77006614660635,-42.942832455744124
281,-34.95347760911834,-33.37815777919297,-30.998838740630536
282,-32.3407093875702,-34.09092022044548,-35.25165980736628
283,-39.12124194678754,-37.91441890716178,-36.075937897141884
284,-47.48052620858557,-47.6934258012855,-47.754798402122404
285,-35.39476571716915,-34.331300967351595,-32.718054587125366
286,-34.89680910449327,-33.77248282870169,-32.074964763674146
287,-36.69550680262097,-33.82217404911648,-28.75103718002894
288,-34.08879820580667,-35.2494174979382,-35.972071252557434
289,-35.21808642663382,-34.14346839153306,-32.51504923161191
290,-37.336348163046594,-35.4986593712244,-32.646502595289064
291,-35.23821750493126,-34.16499184690841,-32.53847294700368
292,-34.67587968637373,-35.7226227359049,-36.35466891342452
293,-36.45714311461801,-39.31766053707924,-41.099378334124054
294,-34.94541759424314,-33.809652850230265,-32.095825252058376
295,-45.83197946238872,-46.128383124934444,-46.211897418136694
296,-12.24452159383693,-31.54950052350545,-36.763069868656395
297,-41.533507956007625,-40.2320786926784,-38.20747307729401
298,-25.21128378463829,-14.485610775024785,-17.89813226575219
299,-40.37975291569856,-39.188371811282245,-37.35945006262553
300,-30.43263088978111,-25.767049681460094,-13.536493404166173
301,-35.59600449638731,-33.34361985429641,-29.731454996959727
302,-32.10385551933105,-29.55822506818775,-25.376059726081706
303,-37.76900914342293,-37.834616556050335,-37.582090800282316
304,-30.911366201336868,-27.05943950459368,-19.07038061232365
305,-34.30100818114886,-32.5356974103438,-29.845237102668364
306,-42.34389753173392,-41.86477310031884,-41.023276811626005
307,-44.33936782659478,-44.9599837459892,-45.28799104308452
308,-43.63270696494204,-42.87337223869046,-41.651581250816434
309,-40.585238615035834,-39.23719193975493,-37.15757433107801
310,-47.107931944130826,-47.72533329510972,-48.068656995904114
311,-35.70584302586694,-34.997667280852404,-33.85532166227823
312,-35.05945341334673,-33.97200430334698,-32.325989613507176
313,-34.61327081528732,-36.443345642722576,-37.65199293334105
314,-35.07958293404932,-36.91467405308443,-38.12461298537342
315,-35.9338697521327,-35.283136965967536,-34.212889205427274
316,-36.31045780401328,-31.109793248563378,-12.271124088150529
317,-37.162639156452215,-35.67966436989701,-33.43129788110349
318,-35.934831457809096,-35.94358845282961,-35.62521928130993
319,-32.182857785869714,-35.02162483092043,-36.856217694086254
320,-29.601017906850373,-25.191198040351853,-14.607707372484048
321,-40.72397558786104,-39.53924260091072,-37.71582139650698
322,-46.24395260776054,-46.55104166866272,-46.655363143509646
323,-36.22652320141173,-36.198971696474345,-35.84341246627509
324,-35.45724914656272,-37.61594085671955,-39.0292517746069
325,-32.93445569211429,-29.2902670245534,-22.023097513578538
326,-36.50503548254279,-34.997290759059595,-32.71521261572554
327,-40.308399026275474,-39.55381683333803,-38.35080411583433
328,-35.58721757410255,-35.91234376730182,-35.90998549048259
329,-36.354109427615256,-35.3329627918874,-33.77631547070176
330,-36.20020563672093,-35.844591190572544,-35.12775384601367
331,-36.60415665803404,-34.39895417144904,-30.86180029530159
332,-35.31098110747642,-40.49083490806882,-43.13372014214343
333,-38.37364329907802,-12.074222572161997,-37.59113262003928
334,-42.73265785078379,-45.09598833970767,-46.372639945188496
335,-39.19643204697747,-39.42119657293738,-39.33717285420962
336,-35.58328047718641,-35.90984750409799,-35.908864160132
337,-44.29048280150718,-47.713487924833714,-48.77334713238462
338,-36.865246209042525,-35.663070796902986,-33.846825166012714
339,-15.173895935475931,-25.190372713179144,-29.49666622142168
340,-41.852674268271144,-41.12014113367775,-39.9444760398548
341,-47.12564181121558,-46.40411919320283,-45.133444668913754
342,-46.59314093416357,-47.59199161956988,-48.12852700583217
343,-30.233403320544134,-25.611251999867907,-13.690336356192468
344,-36.292095881870566,-34.07250825055399,-30.513092206484874
345,-35.223864383484496,-12.098637169613813,-36.279324741484174
346,-44.598033445516194,-43.05944527737607,-40.408944192732015
347,-41.447926782953004,-40.94475376718495,-40.06876059919888
348,-48.541042373492864,-48.592224699517324,-48.5487621355841
349,-33.784843069369934,-32.07909414013741,-29.492630435504847
350,-35.585762955739774,-32.73148209933672,-27.751938129841918
351,-35.41837584058892,-33.60815708328238,-30.83048754233944
352,-38.18014988212145,-36.047980548102736,-32.61590685165637
353,-43.954175058855334,-42.89947182716624,-41.21013444651915
354,-33.67766484703555,-31.319448849004566,-27.519578047314926
355,-40.52006990315728,-39.994151415424604,-39.08635217765767
356,-38.50476165535553,-38.26482174846614,-37.686800651488156
357,-47.033438317091125,-46.262740374876586,-44.90330142470377
358,-44.06612147966175,-42.47193564668702,-39.76715056109423
359,-34.698737802435524,-35.74448112489087,-36.3757345368885
360,-38.893081888673926,-37.474505886985845,-35.309265025974696
361,-45.31878550814446,-45.88054752141147,-46.17496217726722
362,-47.78119308565188,-47.97482464999285,-48.03082394011605
363,-34.54942784158182,-31.022312440958682,-24.100926711964846
364,-38.33745661469941,-37.12752490391161,-35.29090590629749
365,-45.20250170422137,-44.18085079893585,-42.49061506606595
366,-25.195279568572268,-29.610938915609196,-32.259780945133286
367,-46.35850948760861,-45.48219193180121,-43.97879692410327
368,-34.9130020528616,-29.77261875108407,-12.3794536661536
369,-36.02191295210717,-36.643777263735586,-36.917578253685775
370,-36.95003455896472,-34.76069090702832,-31.247464030926277
371,-35.884978959982675,-35.16614659034185,-34.01035911040513
372,-37.385140331094476,-37.12299627849675,-36.51571751171927
373,-13.163926348402216,-26.325916294416526,-31.110524311172988
374,-44.27282362527647,-45.66958942550322,-46.48441801851555
375,-37.22875465496385,-33.869580073902114,-27.34779493706494
376,-35.998404352922584,-35.98398387955859,-35.64154139382911
377,-42.165589817956246,-41.77368325618364,-41.03958582536887
378,-36.09067247488685,-34.56662071800671,-32.261776414795136
379,-29.50878265134493,-32.07656220760998,-33.77115888365344
380,-38.69022962085896,-37.481097986120226,-35.642913267297445
381,-46.12540586565244,-45.828875974242045,-45.263390669686466
382,-12.374748046084905,-27.199998725590177,-33.73754922572269
383,-41.006255627549706,-41.10127901720652,-40.90151464182384
384,-48.82693287173542,-48.44526259401057,-47.691972148181065
385,-36.27755017353672,-35.981943033244704,-35.33373589378371
386,-39.92001041738617,-39.51766376525079,-38.7581054801115
387,-29.515303782672614,-32.07907106801842,-33.77125713645799
388,-33.89951966160414,-34.99397668676438,-35.66401097741696
389,-34.93064898327249,-35.96678122865135,-36.59042451976586
390,-30.98244798510155,-33.7691357036204,-35.583522975546586
391,-49.8621458384261,-49.877570709564495,-49.88226473430827
392,-49.94283189070483,-49.953610146295766,-49.95879102503565
393,-16.682153915995013,-25.654436909757372,-29.745250939590242
394,-35.92859564644203,-34.743311080397724,-32.95560399576475
395,-40.72042760337326,-38.92576478882389,-36.057816109669865
396,-38.730498903904355,-37.305700409809376,-35.132677685459974
397,-45.93153051614286,-41.448461917746954,-12.053585584591321
398,-34.4222700042084,-32.64987327612743,-29.94639477019602
399,-25.355188603980693,-15.916932665213967,-15.979093894432477
400,-46.794847826113255,-46.2775168811487,-45.389663251896835
401,-25.47355768229465,-16.253323037636203,-15.657585067723724
402,-35.73015814935069,-36.07958018124046,-36.10093546273881
403,-37.015646611394715,-35.811778052007355,-33.99230126252351
404,-26.009918664581676,-17.387345157584615,-14.79213117250569
405,-46.46468081784488,-45.94895805356125,-45.06816610093249
406,-39.852975462187345,-40.067855891298116,-39.978734539390295
407,-34.22348854090002,-32.60189709682749,-30.151865962675608
408,-39.14146782133364,-37.31190856381639,-34.43416179872016
409,-32.776016629267126,-30.344996205392807,-26.403141868559832
410,-27.330373482251794,-12.78897223790761,-23.375650764581458
411,-43.93241336080266,-44.08700544093154,-43.98950394621559
412,-39.49247174281121,-39.40782847000829,-39.00636020088675
413,-43.06159784133818,-42.96241356108802,-42.58042674869897
414,-39.417382497581855,-39.956443367282915,-40.1698049691736
415,-44.545290103349984,-43.84010073824094,-42.68968569065293
416,-38.36536280460996,-37.15545867208169,-35.31867213096782
417,-12.28691274430547,-30.874800928727527,-36.06718879006408
418,-40.03031931645367,-39.81487743548121,-39.27256323010312
419,-38.50800963150549,-37.2983424167624,-35.460817044524056
420,-49.98075417242081,-49.976260156786616,-49.967226409016554
421,-38.306051386250616,-37.910711230036014,-37.15332463595914
422,-34.04913104515339,-32.411679594082734,-29.936707285639454
423,-43.53371402674156,-42.35915648042847,-40.483534885746685
424,-44.517007688082074,-44.16629022987307,-43.50604092496915
425,-32.62360354755642,-34.24357403442201,-35.31199163695372
426,-36.253450174917454,-35.6174528149868,-34.565730742375614
427,-35.92955771991867,-34.74424855113903,-32.95650237034299
428,-22.373266624646263,-12.965092631106716,-26.78066122641477
429,-40.762349727322686,-39.578427400261795,-37.75570212341868
430,-34.466893941179315,-36.66911422553039,-38.116915114810695
431,-20.716644808972504,-28.259972438476662,-31.988041686360376
432,-48.12764137840557,-47.590917721463946,-46.59177458689228
433,-36.293587860322134,-35.100210839434794,-33.299358010279306
434,-37.016462791601,-36.01792656645808,-34.49092704092997
435,-33.34433688853478,-29.73222642470866,-22.5646821343718
436,-12.569172350314108,-28.338871287352333,-33.37545941894127
437,-43.50515537844935,-40.718467315779705,-34.965304586045576
438,-29.16674684035406,-32.820259513730925,-35.097245012535986
439,-34.823149434170105,-29.687709320699255,-12.388116921494053
440,-36.368386775809356,-36.40273152820731,-36.11235019276179
441,-34.777798571215015,-32.484299341227036,-28.80221064346066
442,-33.84497610198318,-34.94610647875164,-35.621463729943876
443,-36.971980104595666,-35.13643364343294,-32.294164081688294
444,-26.073752743103896,-30.809837991451147,-33.58622498967627
445,-23.085107488091037,-12.836193955376658,-27.165743111470057
446,-40.925852793748874,-39.74554544334219,-37.925977086736985
447,-35.52192409632333,-33.97387047479096,-31.634695697357877
448,-37.65211636393629,-38.04505096034142,-38.11467779138235
449,-35.90676906335228,-34.722047984404,-32.93523514793301
450,-46.53288484785662,-45.68219091397704,-44.21304103145847
451,-34.037629258495535,-32.29212305738717,-29.63717947085376
452,-36.35694247752332,-32.94389263624731,-26.30712452488126
453,-38.12820574244371,-37.16380027407509,-35.680868505148304
454,-35.992282783244946,-34.16928269254729,-31.36281984978691
455,-26.230986037977225,-30.201001811722033,-32.645952292086875
456,-15.422813219359979,-25.228239083653573,-29.49370246201141
457,-35.12727935330472,-34.04581075276682,-32.40801638074091
458,-34.075116844699906,-32.44028384934378,-29.969453410545448
459,-49.05574560147855,-48.74630065993513,-48.12665858684348
460,-12.057292812280222,-40.47269321440859,-45.232440802576896
461,-27.851587159105847,-12.662770423006762,-24.253364388867332
462,-33.04684327702986,-39.01282200863492,-41.99454813470898
463,-12.049577432093319,-43.157153789085186,-46.94211837857908
464,-43.74082349658057,-47.30916773514451,-48.506148980722166
465,-36.12316165934254,-34.60041708700585,-32.297414525433005
466,-35.65972954346308,-34.955601134604095,-33.818350434575294
467,-40.20920018483817,-39.30832977999303,-37.90598412231756
468,-40.60737406741356,-38.809221723614364,-35.939467497266754
469,-38.589844238098046,-39.349948691293044,-39.7521384536793
470,-33.8159271181329,-32.144585501122044,-29.61514238031722
471,-40.9996146196124,-40.12556213644893,-38.75704549445153
472,-49.54505674563536,-12.040755310318698,-49.537850456216646
473,-27.081250353366457,-30.93054297218511,-33.31463939695043
474,-35.97354342030293,-35.98697470048894,-35.67359681558749
475,-12.107627751839814,-34.58592130059787,-40.384275346371425
476,-35.98342228421255,-35.64103190351868,-34.93890279792031
477,-37.910881154682905,-37.153493408645,-35.94827219850741
478,-37.922017552038675,-37.67123455443482,-37.07864070922121
479,-48.43057971377354,-47.94615329672315,-47.01950183020592
480,-45.00242047029481,-43.512254885993265,-40.91105882544176
481,-49.96486341326846,-49.968822332333616,-49.970017392509185
482,-49.6587035932843,-48.81961212716644,-12.041216949198109
483,-36.690081076898004,-35.18941083808868,-32.917067506166234
484,-20.08935787183448,-13.545240407576085,-25.75722625134217
485,-49.99485797013228,-49.99289010349364,-49.988484278376795
486,-37.93109851328351,-38.17698574675852,-38.1065185415976
487,-39.361930034038515,-42.096341380081874,-43.72212144899835
488,-35.18023391423536,-34.02357346161364,-32.27939438229025
489,-49.61979456129952,-49.5344154697424,-49.36728305562109
490,-20.763463980979814,-28.295882954307995,-32.02075856047357
491,-44.89389891245003,-43.39017592640428,-40.774993982246876
492,-41.157688178650204,-40.758122648538716,-40.00819681136548
493,-34.929658654925284,-35.60735486182605,-35.928237314583455
494,-28.835659132130274,-32.51505492136048,-34.80701357630614
495,-35.139945623231974,-33.98585378533339,-32.245452409669504
496,-40.99354891473783,-39.81481577129634,-37.99664686860068
497,-34.96880443480984,-33.82980162699413,-32.11132186201529
498,-33.27467842778433,-30.51811549288674,-25.83538956031847
499,-40.100971177062505,-40.97586539540071,-41.47826273850256
500,-34.18589043092869,-35.35158241642996,-36.078241631747886
501,-41.065085063338174,-39.88806558616548,-38.07143539415221
502,-47.32705190215001,-46.608183387309055,-45.32222911570797
503,-35.40265523243612,-36.13110569514384,-36.497372581141285
504,-37.933375295662955,-38.00142606330822,-37.752196537154845
505,-32.00700602765715,-27.10374479597919,-12.855085780957822
506,-12.561153121297249,-28.385747081227215,-33.42647823096768
507,-35.17968251206981,-34.023055754946256,-32.27892633089027
508,-40.904943322068746,-42.612902617663835,-43.68434645657175
509,-45.59964650193726,-44.680882778854865,-43.151757583407345
510,-36.16472134212323,-37.37171590827155,-38.130415526754405
511,-49.73848147141187,-49.748452643089635,-49.739104753119676
512,-12.056648400285834,-41.13486962009243,-45.52669478445078
513,-41.504004124523846,-40.76494308540555,-39.581076056916594
514,-45.88854356970317,-46.21494434109934,-46.32673280058883
515,-49.40080345889812,-49.37983473718144,-49.30840201205466
516,-42.08181912486375,-41.24914996613451,-39.933035290141646
517,-37.60735019408991,-36.14077079223592,-33.91415569385482
518,-46.490136807858235,-42.47682949688244,-12.051579088877558
519,-43.08759252550783,-42.38669389278111,-41.25150350859428
520,-35.96404587063502,-34.77786754249142,-32.98873731292736
521,-29.521937075006445,-32.14150826426069,-33.86670963875057
522,-40.91873611224003,-40.04182713997721,-38.66970527091319
523,-25.28254948555082,-15.664450290611814,-16.245736989540628
524,-40.121248421160274,-38.925589011441225,-37.09338576614198
525,-14.600232796128092,-17.698696335362982,-26.185477100404455
526,-37.32589692604747,-36.7242403660546,-35.716067636736305
527,-29.494672490313793,-25.195051781800363,-15.213527342227838
528,-39.153354602511456,-38.595937230716316,-37.64543286884599
529,-34.53425727455438,-32.75603356773927,-30.041698980224677
530,-48.1215126963198,-47.5834875178196,-46.58232359791248
531,-41.6911772785243,-40.95549993496335,-39.77587635437801
532,-48.92610519643679,-48.803978778151496,-48.56125611496694
533,-49.99758565278959,-49.99701977831467,-49.9958805906968
534,-39.97530626679117,-36.80543608269292,-30.602659078367353
535,-48.97672130907743,-49.082825761401104,-49.11632574836986
536,-37.49135461983344,-39.554154728484626,-40.88801830130015
537,-44.866469398138484,-43.26752760800912,-40.44590268370635
538,-20.065647594106665,-13.552974156494177,-25.74864378727385
539,-12.459079310723036,-26.136184821924033,-32.79282110939873
540,-33.188724011007,-28.16775335032961,-12.599819456125871
541,-28.86153935263815,-33.941248145157076,-36.815784299578375
542,-37.79011580653856,-35.95153816094596,-33.08936324127399
543,-30.11743367133612,-25.523385391540664,-13.795465877324673
544,-30.342161543775102,-12.21121301023511,-32.19884749352991
545,-41.84047441178576,-41.347532639541065,-40.48610913882004
546,-35.63479671641896,-34.458076252260675,-32.683749689429014
547,-18.10869948964902,-14.371037468611833,-25.238058443168473
548,-49.618468184872306,-49.53280547341695,-49.36513353984893
549,-30.76716906791838,-33.16318093886108,-34.74961241005468
550,-42.21271678756689,-40.94928720343533,-38.969196891744204
551,-40.65882844430934,-39.472751620304024,-37.64818753067172
552,-33.803682287016564,-32.091466027236436,-29.494071283820112
553,-43.99344804834405,-42.280640164625055,-39.331400629392476
554,-48.746946909562105,-48.61455637381837,-48.349798111965086
555,-33.812142986256795,-34.94834962140894,-35.651648174938146
556,-37.672406876362004,-39.08360150577921,-39.99148580348793
557,-35.159686822975544,-34.00430837679896,-32.26201665228422
558,-43.3757914045284,-43.539295207771616,-43.44053910268784
559,-35.0095209291035,-36.84400536717566,-38.05386669056653
560,-40.01042687925281,-40.412502327668975,-40.504438542439715
561,-27.147459775872708,-12.841698827499652,-23.05237942077019
562,-14.143841756596435,-25.31723676193129,-29.825909436105317
563,-46.377897944884054,-46.296202041517134,-46.007091127018086
564,-47.44224857969232,-47.19353680785167,-46.7206504128352
565,-39.71046550545065,-39.490183099376125,-38.94044675495014
566,-34.62025244003915,-32.83793165901515,-30.115871271346634
567,-47.248543278300524,-12.04254080159269,-47.15107772252293
568,-42.40706830216487,-40.535490645252395,-37.41185696138645
569,-34.34622835113051,-32.73407506626938,-30.298718967590524
570,-37.77435554104048,-36.56519746498921,-34.73360333585964
571,-34.27687146593089,-35.44667748427185,-36.17657966614193
572,-38.06417896045118,-38.633542615478724,-38.86726455054866
573,-47.24620996260107,-46.11508270118434,-43.87634110465713
574,-38.857271682922246,-37.648860527390994,-35.81035032640462
575,-43.525984472249405,-42.35083725792883,-40.474517280771
576,-36.69832455112369,-39.87601795678933,-41.79649431385379
577,-12.663290953485733,-27.849150055881537,-32.838847564975886
578,-35.64486656313499,-35.987643749608665,-36.00239431471111
579,-14.432422718649192,-25.22271009895814,-29.668170016394477
580,-49.998086580396716,-49.99690142483012,-49.9934741117669
581,-36.5199235924951,-34.688875369181915,-31.861332540495894
582,-46.39891522514691,-46.114443895054805,-45.5702240546342
583,-35.91346810925028,-35.58880809004113,-34.90677868343039
584,-47.00627932114859,-46.93262675239112,-46.67456419286672
585,-34.90057482778283,-33.774634911072226,-32.07482704350299
586,-30.840802432388603,-26.09945006424458,-13.29146824770914
587,-41.373701051448776,-41.47020732638872,-41.27576679617551
588,-28.352971201044205,-33.39081151951585,-36.258369445632376
589,-45.53608246877265,-44.552402570616394,-42.9098465839497
590,-37.39008221383997,-38.81177814384641,-39.72798031811297
591,-37.92811288175262,-36.95773044571851,-35.46713437631599
592,-49.82920140922511,-49.835739968493016,-49.82953212027667
593,-36.297133375734674,-35.10368858300109,-33.302722700842544
594,-12.559633970157488,-28.394730451683397,-33.43624909501396
595,-26.38634769724177,-30.330843338258656,-32.7631766676257
596,-28.259003332921107,-12.583201639406544,-24.903711273249613
597,-48.313450804422715,-47.800740059619486,-46.82818825620557
598,-34.90219508018481,-35.5854309367722,-35.91114546895061
599,-38.10331758587091,-36.89339779247962,-35.058484060695626
600,-40.658380720689344,-39.47229480149985,-37.64772302441487
601,-39.3585699707642,-39.275103045314474,-38.8740583059276
602,-40.21254304144982,-40.122435106644865,-39.720067880212845
603,-40.77547503044532,-35.61078676263109,-12.109667590902475
604,-12.887490742600814,-22.78866222481041,-29.917158264287913
605,-35.823478342640776,-34.003760235870445,-31.205058154740406
606,-41.75133290011502,-40.59350637770009,-38.79493740370776
607,-29.499291435110656,-32.07476787106009,-33.77397340987416
608,-39.058570671915945,-37.64640029232875,-35.48912315985843
609,-48.574650986361405,-48.81539162613489,-48.93647551943896
610,-37.42593263259718,-35.58791334300552,-32.73358125747561
611,-34.715946633383425,-28.291237937422377,-12.30555971039033
612,-38.73361994440155,-38.656391615052854,-38.25843392215572
613,-35.58285527064436,-34.03749485245725,-31.702220180558413
614,-29.751149892669794,-25.270008592045418,-14.266144634875904
615,-39.22700745602179,-40.41770956008743,-41.16225440372669
616,-46.980117718571094,-47.074346403872156,-47.00168262056255
617,-42.57834805875053,-41.45100304297937,-39.683114433148404
618,-43.949948230933124,-42.89497232096822,-41.20532944335581
619,-36.07871458373738,-36.698783947948655,-36.9711324128157
620,-37.04719107625312,-36.99566955658574,-36.61755342194492
621,-49.41633197521491,-49.57110171030059,-49.649996359670794
622,-45.832166575083264,-44.389836081447136,-41.75109260107028
623,-49.90014759674366,-49.79256013243062,-49.25476690361278
624,-34.93304602125735,-33.79930044976024,-32.08836558779883
625,-42.213773796489384,-43.00520712523206,-43.45042421338686
626,-44.94533486176833,-46.92235799056688,-47.87250000659221
627,-41.35686856991224,-42.59671867237047,-43.36994815785417
628,-47.87549519972667,-46.301076544243784,-41.98922284034752
629,-38.347312891525036,-38.5858326092922,-38.51027763476212
630,-36.27111633448897,-35.07817322519449,-33.27804280312543
631,-12.162644094330881,-33.44431081912762,-38.67466527420098
632,-44.598221342206244,-43.89648689749431,-42.75068425545505
633,-45.258272328305324,-44.30584301740882,-42.73564648521998
634,-49.999796426705686,-49.99967021342212,-49.99930487623644
635,-49.24451249674565,-49.08691919389423,-48.786275072072726
636,-39.21518146479969,-38.2832219323637,-36.84159583487178
637,-32.39184195002761,-29.720616887659496,-25.25183974879092
638,-32.581094833332315,-27.616239667020892,-12.715848454254841
639,-30.22495962345699,-25.604775022473632,-13.697547823311284
640,-42.77579423142359,-41.547525468874156,-39.608623777200435
641,-33.79695139412081,-32.08674560321298,-29.492756748948572
642,-49.97323799134077,-49.96699789709347,-49.95446221216711
643,-38.9076031533947,-37.48958619800475,-35.32504223452305
644,-45.42179312231678,-44.485085303883636,-42.93395839070236
645,-37.472839876757725,-37.212671358773754,-36.60790932197736
646,-40.29701400689468,-40.08553615764771,-39.54945554949756
647,-45.91797631978949,-43.731492751509464,-38.89478065651764
648,-48.997824936836736,-48.78956072396369,-48.39771179035202
649,-35.61661017681591,-33.80143856576859,-31.013020700843956
650,-29.67312412396857,-32.335559654634245,-34.0852959438728
651,-34.89933468117402,-35.58345570625998,-35.909944697627864
652,-34.92363492086258,-33.81834736774431,-32.147604393259016
653,-29.36770580115602,-33.00613347922696,-35.27424599457384
654,-37.05332690055931,-37.10608924634944,-36.83725039138784
655,-35.555256224191794,-37.042684768753766,-38.01059894098746
656,-49.99529133073659,-49.99237714869358,-49.98395793832608
657,-37.41154707491135,-36.42547258732183,-34.914651676155614
658,-25.205529048238606,-29.633784552159923,-32.28797287688213
659,-37.41865198651207,-36.21133269868085,-34.38460209761668
660,-41.623358756655406,-41.12470504779776,-40.255127753281556
661,-25.747536192410024,-29.814752704452335,-32.30671125399563
662,-38.4767262094581,-37.71664271229626,-36.50770991360223
663,-37.10045752018739,-35.89573482285264,-34.07456670931162
664,-35.99215214876714,-36.00729883349204,-35.695764893158014
665,-32.88581022156657,-30.46554905919567,-26.54523742758206
666,-34.32247879102284,-35.49416666566876,-36.22555041428829
667,-49.266593410202155,-49.01836982430191,-48.510903115841266
668,-38.64139064695114,-37.692237786705135,-36.22877972428764
669,-44.28671293447563,-43.254556296487635,-41.59071681338674
670,-48.82559077471802,-48.443553119012144,-47.68962356102754
671,-28.69525610700084,-35.07995082851424,-38.36608420658992
672,-41.82228827155326,-40.66674590886361,-38.8704053873972
673,-46.198142797973325,-46.28091579121904,-46.1681155825753
674,-39.28049038816138,-39.682577865299606,-39.76949065217498
675,-25.27798389725043,-29.76418282309065,-32.44265478364396
676,-36.75128661318065,-35.74402488942058,-34.205630419965324
677,-36.48498747493377,-36.11908878425124,-35.3910352376524
678,-28.078256614819566,-20.477995750464398,-13.424338747277602
679,-13.658378239617353,-19.75495410047519,-27.542569921570994
680,-35.71569237439058,-35.05055891403482,-33.96224612096119
681,-45.33939364124879,-44.690272651684765,-43.61564348275234
682,-48.26412532835549,-48.32375858801814,-48.27401800658687
683,-36.904076299144435,-33.52473779152207,-26.96136317770295
684,-34.95217466390446,-33.81540912437968,-32.10014543613568
685,-40.40107566620285,-42.28304534051058,-43.46296573099178
686,-44.444365591314096,-45.38470333115068,-45.94196898885148
687,-40.64791263667782,-39.461614609669965,-37.63686374181894
688,-36.35287262165673,-33.483879106866,-28.438548875448948
689,-39.928174999162756,-38.72970516163142,-36.89550876310153
690,-35.16947156352015,-35.82650572962913,-36.129594849391204
691,-29.556651821159498,-12.40200598952634,-26.829834309041946
692,-49.27017963601991,-47.665482212930186,-12.042072504822848
693,-36.0389854431125,-35.69217562487121,-34.9851010940452
694,-38.72683851598054,-37.5178459829947,-35.679567129879715
695,-35.14666345897534,-33.344321504042284,-30.583044915253346
696,-35.85968994809977,-37.06405470215603,-37.820801269151424
697,-36.45303334116561,-35.824612584128836,-34.78244359416972
698,-44.692668330569596,-45.07557147381533,-45.210221863225115
699,-39.32239507044021,-40.51136507127805,-41.25451583965577
700,-43.36104471630347,-43.79449182152086,-43.95133339501594
701,-26.225326213668954,-30.1963116686929,-32.64173917339696
702,-34.017058391143195,-35.56328023829292,-36.57651023455211
703,-37.93211611516387,-37.34605139587322,-36.35794597142413
704,-30.477043906084642,-32.89631569743939,-34.49802950819643
705,-48.14269752119009,-47.59032929371678,-46.5546670497642
706,-32.19734897880631,-29.562099578524908,-25.178220603047066
707,-42.22136133058646,-42.03783267350761,-41.55020702240233
708,-12.353582407952096,-30.042118746005563,-35.19727854017753
709,-44.14619148422506,-45.17125275226239,-45.78451433610419
710,-29.532606269018416,-25.329285666864806,-15.832687562673602
711,-33.801726769806045,-34.93597613413789,-35.63771859224446
712,-35.93955995218949,-35.94902297546047,-35.631404660818376
713,-40.481534920678556,-42.21280391692318,-43.30557760925957
714,-32.25246859150621,-33.90704788790317,-35.00070154021807
715,-35.47509793835824,-36.674781899662314,-37.427976155039595
716,-37.7702554912199,-37.180167138463204,-36.18686000069678
717,-33.776981851832076,-32.075399195237566,-29.49593946210158
718,-47.359230792921714,-48.200688656040064,-48.63382951224481
719,-42.070962752883375,-43.26545631996346,-44.00393472985552
720,-36.448438613321564,-35.252269259488195,-33.446703432060126
721,-41.2081879961041,-40.80888639636069,-40.05957294567721
722,-36.703078807285564,-35.502998961991906,-33.690590234892646
723,-34.37372708359013,-32.60405839951419,-29.90561420887504
724,-45.5009458255532,-44.07883990995215,-41.54990927023243
725,-36.071666131897956,-34.88292727058472,-33.08968471115967
726,-35.30981363175978,-36.034910334922195,-36.39807637226575
727,-39.85106246396474,-12.06334315791491,-39.22574123642743
728,-42.78635633360204,-41.98455752131426,-40.70786735043686
729,-35.922082312073094,-35.27070627741821,-34.199650986738966
730,-39.746726085334274,-39.526997990332156,-38.9781014063085
731,-49.19526325994974,-49.16456836391959,-49.067051671777655
732,-38.059804466821724,-37.0933596255894,-35.607815020999155
733,-36.76436662867581,-36.020554817974116,-34.8330043176195
734,-36.313809891816234,-35.579943624005246,-34.405098857354844
735,-35.918817528527384,-35.91441287065605,-35.58223691399703
736,-35.41154127903238,-34.34903372967634,-32.737084375724116
737,-42.50972173531448,-41.69536973653783,-40.402604610731885
738,-32.81986489155959,-30.39323787032953,-26.460202428898594
739,-34.2503317305975,-32.488279890488144,-29.80374641219081
740,-13.114829314266736,-26.425383118410952,-31.227448536642374
741,-30.354795192834505,-25.705552120025466,-13.593172015360997
742,-45.08259492778964,-44.114066684378,-42.52454468560674
743,-12.14867830374962,-33.90262600328067,-39.12715808877429
744,-49.511285151358365,-49.336425878756444,-48.9674680964126
745,-32.08044662013487,-33.77161827304596,-34.89145971135855
746,-30.547916185684862,-25.85939245710451,-13.459263863584665
747,-30.444404002700377,-25.776414127964063,-13.528256919759032
748,-29.602139468862735,-32.24878180446231,-33.989570900402526
749,-36.71302216630516,-36.093411321094216,-35.06238357148938
750,-33.7521168650172,-12.153069294989184,-32.255526156353206
751,-39.1571137891664,-37.073337360674444,-33.70448771547817
752,-29.620496524971223,-22.428638941145344,-12.95434237849119
753,-40.23223914636861,-39.47700229470381,-38.27320184606653
754,-33.90078644565418,-32.170519933640655,-29.542209297667554
755,-26.223036606104408,-13.218878207709885,-21.229368435306736
756,-43.461141692339815,-42.2810840505198,-40.39895201123997
757,-44.912005326877335,-47.985787008323236,-48.92147175356904
758,-33.77486610843446,-32.08768676547181,-29.53222380296939
759,-32.03233811771989,-27.12615718358596,-12.848182297526318
760,-37.08822839018205,-34.21157925579297,-29.113359683127392
761,-35.519870055649335,-34.347205256102214,-32.57908602528728
762,-32.28385852777799,-28.583798422629016,-21.135102459357785
763,-35.33620301058332,-36.83152926114895,-37.80559246105121
764,-35.828125819675385,-29.52340105072239,-12.244136751678402
765,-40.9662660422503,-39.7868929409164,-37.968153442952584
766,-18.21554466406386,-26.497423724405,-30.424830284290977
767,-39.78843566942973,-39.386201218470745,-38.62619989420464
768,-46.43453934602765,-45.56925984839569,-44.08056549397489
769,-32.085752667614244,-33.77385617295079,-34.89152302483712
770,-33.80667480558327,-32.093633575223414,-29.49483919258246
771,-48.99034551029107,-48.10227450023605,-45.12913780152108
772,-30.39075905407461,-12.323433246368982,-27.984833777644248
773,-40.32130645409132,-39.42410356503792,-38.02638368954425
774,-41.06359041022721,-40.86328169502504,-40.345579963986
775,-37.9509558265231,-38.71152314601258,-39.11193412874168
776,-39.207609947690415,-40.11164039247199,-40.6348328942671
777,-26.81022140144534,-18.700850033292497,-14.080507999071262
778,-43.662441990131356,-42.589697212870654,-40.88030243862045
779,-14.62852361915504,-25.188581781193328,-29.594293916344704
780,-41.829293979141234,-41.73165275544201,-41.33581832621896
781,-37.42520367172963,-38.184172036510056,-38.581626730029384
782,-40.891115501438705,-39.71001811163909,-37.88975280839609
783,-39.971497241369576,-40.72184969192902,-41.1215964069081
784,-41.924642950199164,-41.736781385330005,-41.241094539378366
785,-40.567422487927935,-40.660247891577264,-40.454092857126184
786,-46.609134190498374,-46.33459212576046,-45.80795999280666
787,-31.444969577655808,-24.593049740134646,-12.61985935369491
788,-24.704239621821557,-31.54099950380744,-35.03641234708125
789,-32.574420317885014,-29.879363189926394,-25.352844996931424
790,-33.40801267241462,-34.98185521722289,-36.01597678893437
791,-27.65214399307969,-31.438212558133355,-33.789081725368874
792,-29.03173176315017,-35.38365012048363,-38.650600801179316
793,-45.95413064252173,-43.776499550919745,-38.94797263969657
794,-47.003331074650376,-45.81009561660238,-43.48690820162635
795,-39.133406215646616,-38.575533389663036,-37.62442258004744
796,-35.975859208447496,-35.32734050862179,-34.25987290513636
797,-42.639793177529015,-40.78840319400686,-37.68694441735278
798,-35.8348452358154,-37.97666704203462,-39.37630266159419
799,-29.705093929849248,-25.59902823283593,-16.558139209682714
800,-42.97460243191185,-44.52170875622023,-45.45512212642752
801,-35.99366823706762,-35.6503573197945,-34.947195835551256
802,-40.50428063661538,-39.315176773829556,-37.488092913449826
803,-35.99701483596543,-33.763680048223975,-30.18248989306024
804,-40.02598503949727,-38.82889844482194,-36.99566358766856
805,-36.33328944876404,-36.3014363388972,-35.941677861146005
806,-47.143982275888455,-46.39234516138502,-45.05970328495294
807,-32.089730908395204,-33.776005191654,-34.892373617618105
808,-48.69250624628581,-48.65153014420717,-48.51084564555382
809,-27.83759153262485,-20.157072410143535,-13.523386647957938
810,-34.07588886698885,-35.15514140544261,-35.81305004468514
811,-35.942029626970154,-35.95183968666057,-35.63459083650133
812,-31.141251765074813,-27.319612616471495,-19.443564383946235
813,-40.38723022491087,-40.177081481756396,-39.643123661527426
814,-30.652993039877682,-33.05779915270951,-34.650035318978865
815,-28.46659232003155,-32.17659102906112,-34.485878922819765
816,-41.08711173710192,-41.2842356745618,-41.18843669426768
817,-39.076641189847344,-39.623338595371244,-39.84162309919415
818,-37.14014870598957,-35.30345305224423,-32.456409569846876
819,-35.69852066332067,-35.03187801374019,-33.94167305719554
820,-47.00552489055085,-47.09913498615169,-47.0268373252286
821,-37.651681626578075,-37.715446864221974,-37.46048460722519
822,-45.737151371759516,-45.61284778785195,-45.255003312737855
823,-40.98443083355441,-43.57788632421961,-45.060605464820696
824,-41.89502467366202,-43.64716000033668,-44.71897804173431
825,-42.261807311737215,-42.44208302379786,-42.34321184171873
826,-35.305634066574605,-36.32774732220119,-36.940334030443466
827,-34.31164180615276,-35.48289220052991,-36.21393163473533
828,-37.042173307828826,-36.663168599991266,-35.92127066382946
829,-35.087947575786316,-28.704122455633645,-12.28320373443446
830,-45.06425938440462,-45.156705793385925,-45.02104402524723
831,-47.33092787742075,-49.12480992192179,-49.56097714032811
832,-36.81130906270488,-35.80605407127561,-34.270285312009506
833,-35.67580379458398,-35.00699295854816,-33.91406974269362
834,-43.259139780419524,-43.160059860691646,-42.781120246477016
835,-35.608277877691364,-34.91066688539597,-33.78161119885053
836,-37.50109660161617,-38.45576525563039,-39.016314623981486
837,-17.801610420911473,-14.540315951768967,-25.201258157314914
838,-35.41544142090113,-33.86259282538485,-31.51644483730799
839,-49.84427244594896,-49.88669024439753,-49.90791851744896
840,-41.05420377038687,-39.87692028026484,-38.06005203735901
841,-35.13079968952034,-33.977323911277516,-32.23782637489488
842,-49.848783773927025,-49.79201406044656,-49.66727940866691
843,-37.7790339320022,-36.569858809604,-34.73820971113517
844,-44.54527533277704,-44.64061645423028,-44.49553485154715
845,-49.98978513414342,-49.98849272136269,-49.985801477523495
846,-35.69602861279725,-12.092729448939476,-36.69215828054584
847,-17.58093690110673,-26.117895086205607,-30.10789025895494
848,-49.09165800388416,-49.12485666784906,-49.09555402578921
849,-27.14658198480909,-30.988093258388325,-33.368156630455765
850,-38.13494577816717,-37.5538163756272,-36.57211559240845
851,-46.532086345916156,-44.51042961133954,-39.83446440402829
852,-25.71171608282802,-13.587276210569373,-19.962034765990047
853,-12.858793298806868,-22.952182542131617,-30.05291138532659
854,-37.068247386761314,-36.0713767349202,-34.54654595036076
855,-41.02247254962109,-39.84442603686783,-38.02687181536303
856,-33.79003406155908,-32.08219780131485,-29.492214025058068
857,-46.588211960100125,-47.283960616185745,-47.67673115313617
858,-40.73014484952048,-37.915744614265485,-32.684420457294216
859,-36.92519709468628,-35.72231880789539,-33.9047487705718
860,-35.705326539105926,-36.33800656824629,-36.62065589159212
861,-35.28697305814113,-34.21697210495491,-32.594847434479426
862,-45.814199824440166,-44.36860312644784,-41.72593856061995
863,-34.7891864674428,-36.30472196874395,-37.29443657481469
864,-36.83144249493065,-35.62968017029048,-33.81420322149622
865,-33.97330996812532,-35.52138746636527,-36.53602930020061
866,-41.31803772144003,-40.45552099931588,-39.10157507760569
867,-30.592872481151833,-33.00248680340136,-34.597882802198214
868,-33.871664862652366,-35.42411827961434,-36.44208475973453
869,-49.335131653134155,-49.259029388652436,-49.104142192697644
870,-44.88600311036751,-45.02414103742565,-44.930865502960856
871,-37.2913892940804,-35.45389531959397,-32.6028676237285
872,-34.89454132840845,-33.77148147742366,-32.0757581139741
873,-42.21403505887853,-41.489323357467256,-40.32356214575489
874,-48.63932544008071,-48.77624471350871,-48.81994197496368
875,-19.50079604227494,-13.75053871624737,-25.55925005676249
876,-48.17604342223678,-48.34216282621925,-48.39039510357422
877,-40.47585040753542,-39.286214037736016,-37.45869559508421
878,-36.595298987329144,-38.045733186513345,-38.98463952526542
879,-34.01238024964043,-32.37101485724458,-29.88983373364639
880,-35.46159960292613,-34.2911910144089,-32.526496278918586
881,-37.09887537438261,-34.22216094589687,-29.12324309839081
882,-36.86648106203193,-35.03179823800612,-32.19271339988301
883,-38.24970644091685,-39.18265038975899,-39.72697829382318
884,-36.38371671968936,-38.22133249988373,-39.425632747138636
885,-12.97393036040112,-22.3282368696696,-29.53833719466352
886,-35.81024178676629,-34.628141312273215,-32.845459221601686
887,-12.089096396579503,-36.9699163457676,-42.0375503258
888,-40.623671847302234,-39.43688664194799,-37.611725811909025
889,-41.38837105934223,-42.21545489958844,-42.684704840954566
890,-49.83082741914779,-49.810007438040465,-49.766892539885575
891,-39.27927076449128,-39.1965258245163,-38.7957705883389
892,-35.6188374517479,-34.94307824681263,-33.84144391432843
893,-30.425870839760133,-33.17539103079731,-34.97188515069736
894,-41.147213091782966,-39.97222539826254,-38.15743866242534
895,-12.20744034868309,-30.445573769593256,-36.66312997101604
896,-48.05440370967072,-47.99888646083973,-47.80697297218437
897,-48.654589744872794,-48.877033731870405,-48.98751264566865
898,-40.35270952521672,-12.060471816939277,-39.77547088709424
899,-35.12731361749669,-33.97407620539359,-32.23492815994225
900,-46.16808250378837,-45.26499681586584,-43.726267342287166
901,-14.64415634754726,-17.625039608077444,-26.143042297633325
902,-15.987562620466795,-15.908564729057487,-25.352544448268695
903,-35.7341691413348,-36.083845242505106,-36.10545510248423
904,-46.47180621768351,-46.55146846711395,-46.4447455407749
905,-27.621590725992426,-12.714575127248791,-23.87318926165935
906,-25.23241062182961,-14.392542694414097,-18.068272837556894
907,-35.49650139265706,-36.137375874490694,-36.42682923248913
908,-28.545904336010945,-21.08655083153375,-13.255304583650618
909,-35.150288017975264,-33.99551504694714,-32.25411338106174
910,-35.94151910498048,-34.90433968674248,-33.326424679491744
911,-40.744839715081646,-39.56054572251256,-37.73750079584145
912,-32.258419271468014,-33.91224805270205,-35.0053590944287
913,-35.42589325801484,-36.06982117772284,-36.3618299263248
914,-38.74120808369219,-39.29538553792504,-39.518627748272614
915,-36.74355909122803,-37.12406124664897,-37.1782941667417
916,-36.70976156890946,-36.66622591158753,-36.29536836307159
917,-45.3327204604996,-47.20320610346319,-48.08438436803318
918,-44.35106964269336,-44.20094418398274,-43.782303336185755
919,-29.53765478022753,-32.16418737590423,-33.89342585808859
920,-46.612121429677,-48.851080509458804,-49.419586335074214
921,-34.44679242054738,-32.673066850317845,-29.96712533868847
922,-39.040250934337614,-39.1215015729458,-38.891960963123545
923,-40.83783246444851,-41.038503629821406,-40.94376465761006
924,-37.59603604069186,-36.387664428144696,-34.558337402762916
925,-37.92539230469427,-38.68592425846685,-39.08622386003984
926,-42.415314680337815,-40.5444368260101,-37.42157281960904
927,-33.00886082934055,-30.599807897466093,-26.701739899843705
928,-43.24512892819503,-41.5805759982983,-38.81119675265922
929,-36.98538217551034,-34.79765820182728,-31.28683903332742
930,-25.381074324206814,-14.013085741018072,-18.851994451637434
931,-37.03097854300178,-35.194997282622346,-32.35101100987437
932,-49.762306778576914,-49.85197919017178,-49.89256169169769
933,-40.20936508064574,-38.18342409496244,-34.8852061342051
934,-42.60682782100744,-40.89849171571864,-38.09186204119949
935,-38.67963660051902,-37.4704666824394,-35.63231159123059
936,-32.86233312353523,-34.46614781578678,-35.52263852397472
937,-33.31357544383738,-30.92939796162494,-27.07994865677604
938,-36.62023461763082,-35.11690621227715,-32.840915177667874
939,-36.22545007709838,-35.03341248161496,-33.234782039330476
940,-39.77596301954882,-37.957002557358905,-35.07935517917609
941,-37.57823390599464,-31.456079657841464,-12.174566986424441
942,-41.33727079487687,-40.16725437907326,-38.357056051352814
943,-32.388602137916614,-29.71785945605263,-25.25023794144907
944,-46.05261095186893,-41.623512669354255,-12.053000572555941
945,-45.9245367358034,-45.04096695105694,-43.55572045163947
946,-46.764820144802414,-45.56674184516338,-43.29921229330505
947,-34.9158307502304,-33.78551266263405,-32.07947429606101
948,-14.494993098474504,-25.20944215095782,-29.641958371820834
949,-33.093773720487356,-30.69202125510884,-26.808330550582454
950,-35.69088064393417,-34.983914138228364,-33.84309126537675
951,-28.302734124147374,-33.33608922533316,-36.20275364404512
952,-35.61243787233926,-36.24862981461297,-36.534185233182185
953,-25.37241390438095,-14.029175158961827,-18.81540447128473
954,-41.10653530034104,-38.03427397755401,-31.960473716691887
955,-41.565364535862784,-40.40182649040591,-38.59774937836581
956,-35.24471072219097,-34.171926123440066,-32.54600879740372
957,-34.89151393530269,-33.77382535140635,-32.08569121271599
958,-30.97595764904671,-33.76227458980074,-35.576493097873076
959,-49.982641928078195,-49.933692457154464,-12.040539697818708
960,-34.06681452438943,-31.73331711795995,-27.97946305621439
961,-45.92319043504692,-45.8027216565458,-45.45438451236552
962,-38.53501869080755,-37.10281918811891,-34.9204786379637
963,-49.06373365350631,-48.75653579495257,-48.14093046387548
964,-30.744378940652336,-34.28895619714489,-36.49899393567574
965,-41.4620355115537,-40.95922295284031,-40.08374035372292
966,-46.8221477240758,-46.05434862896025,-44.72025985667347
967,-35.99920006535672,-36.29407230855846,-36.26372401948895
968,-33.54180469633452,-29.94446819143834,-22.821617575171608
969,-29.507380161034543,-32.076121133492045,-33.77129461778943
970,-34.90526132186,-35.601659163067445,-35.938957624900475
971,-39.02457481382607,-39.78290851420546,-40.18524469215634
972,-36.15881050428298,-34.63749393874708,-32.3365000141378
973,-36.09598951279783,-35.065063369739434,-33.49546830572903
974,-35.78856001235964,-35.07480828792803,-33.92543473911821
975,-41.25734838351954,-40.085195089696384,-38.2730117192735
976,-36.23707246958081,-35.600411407094875,-34.54785354367344
977,-44.52832759398169,-43.885016935226616,-42.82589465970134
978,-32.09366437677453,-29.494850703793315,-25.194543125449528
979,-38.21189874823428,-37.0019192203445,-35.16614782330947
980,-39.573118309405665,-33.672683030339854,-12.122822134286984
981,-42.09017104410981,-43.18902839077956,-43.862152188521755
982,-34.31793136381356,-32.70369422951087,-30.265108862940707
983,-38.35919596212995,-37.599490917025484,-36.39110151079815
984,-17.105892985320516,-25.860443476403198,-29.90172896858974
985,-30.18007181996706,-26.205700296486828,-17.733476310686232
986,-34.795027526122134,-36.62733559355253,-37.836705964470084
987,-33.8334654154396,-32.16616302009796,-29.643297143095076
988,-29.541991224974836,-25.347054691120533,-15.891031791952283
989,-34.53082219250486,-31.709205188506793,-26.841855721637124
990,-41.02417763799585,-39.84617186694178,-38.028654196757465
991,-40.5286980186421,-39.34005749814145,-37.513354011456514
992,-28.858321863254925,-12.275333863908697,-31.045412785276984
993,-31.431952394547235,-33.78320328041433,-35.339544561875094
994,-49.647817259266446,-49.52117496942157,-49.2509311222628
995,-25.649577559820006,-30.28307164864617,-33.02076512986119
996,-35.01228667225574,-33.21437982206215,-30.462046596022148
997,-17.583329207577755,-14.66942473633358,-25.184092991656676
998,-41.28682303618301,-40.4231540730629,-39.067751808558526
999,-35.81563700022899,-37.019546395793846,-37.775950601002094
