,X,Y,Z
0,7.955114135483128e-05,0.062259230707505615,6.946781418074156e-05
1,0.00033228119830400996,0.0006461724232292838,0.0020095000581349
2,0.00035913167245574246,0.0005444716742355473,0.001020933114420445
3,0.03976810290591136,0.012950396767160586,0.0020196591632544933
4,5.434450964099604e-05,5.719111350617306e-05,6.531935025567974e-05
5,0.0001244352366378689,0.00013195238240361036,0.00015197214467089202
6,0.00019877774297534514,0.00021252962076239227,0.0002470230099065801
7,0.0010682201996182895,0.0027738777464395826,0.022626596272577106
8,0.0005932337458685247,0.06008820142109128,0.0009152320883542616
9,8.222308083043267e-06,3.092341824277727e-05,0.06239533902995263
10,0.0030167494290847794,0.0010868363503302085,0.0005864432149459598
11,0.00032376108123110034,0.00016203030632633275,0.00010301642087648283
12,0.00023727092683552294,0.00023837884470834665,0.0002590684014114482
13,0.0002719277124315789,0.000349676936802012,0.0005105516361718563
14,1.597788512766078e-05,2.229005530163146e-05,3.65953672235809e-05
15,0.00023249714835500875,0.0002128508652606983,0.0002108416151506409
16,1.651318025273296e-05,1.3282916442845291e-05,1.1717679432361324e-05
17,3.4077569029629235e-05,4.65069426675525e-05,7.389029344514347e-05
18,7.555064336595477e-05,0.00010240673014206695,0.00016108660062928902
19,0.00020123318477224995,0.00014987924524685365,0.0001241942632831645
20,5.337021987291668e-06,7.341831910197776e-06,1.1802896494421796e-05
21,0.0004078449860476331,0.0006091443095002137,0.0011140316894469211
22,0.0002343966633504434,0.00015004935276659477,0.00011122788800389285
23,0.00010320443042128495,0.00013005835829683836,0.0001847699084167339
24,0.0012749920668024975,0.05647156317169743,0.002563374520162113
25,0.00017497959389979606,0.00017251699092588077,0.00018387130525574129
26,0.001965125084973767,0.012441062154491835,0.040453511573315726
27,0.0001403758161061415,0.000161817478272935,0.0002052515699112606
28,3.4126106996723776e-05,0.06238422586497639,3.74868934014313e-05
29,0.0001387446566175684,0.0001865343480813906,0.00028995804734872915
30,0.00027605546279188027,0.00023182218811536486,0.00021221231126158894
31,0.00288350745732229,0.0010956386590371678,0.000605511319618403
32,0.0002632196287664649,0.0001841128627143458,0.000145412313225256
33,0.0002425137259295418,0.00032184494576039025,0.0004910717816786765
34,0.00037313230938108426,0.0005640717131437614,0.0010525739557812467
35,0.00039442556468024983,0.0002730430322272061,0.00021400240300416596
36,0.00023741976117849596,0.00030379578105435004,0.00044057402675989405
37,0.058916507028194474,0.0014198390816935287,0.0003168659080467033
38,0.0002943970726529933,0.0005038002216075012,0.0011800280576447979
39,9.296193010133968e-05,7.40269797763257e-05,6.475413135499034e-05
40,0.001749950556079471,0.05818477948270436,0.0009743114625312339
41,9.873365207329104e-05,0.0001133116100672462,0.00014296006648921778
42,2.805807448282885e-05,1.711882231169766e-05,1.2284723287882393e-05
43,0.00014126169850073883,0.00018986041465685226,0.00029499808724184367
44,6.736496417071129e-05,9.142025953385192e-05,0.00014405566900832373
45,0.0001574256261757774,0.0001731491946323146,0.00020780256822471575
46,2.8397340758674403e-05,3.8800302235808694e-05,6.17523741132369e-05
47,0.0005622105593768792,0.0010012678205283693,0.0025465221069144147
48,0.00020762762136881442,0.00022225858382015671,0.00025867736682813364
49,2.614763569039961e-06,2.9387458993727865e-06,3.616606072111671e-06
50,0.00010149503376922001,9.931750175847873e-05,0.00010504495115282697
51,0.031120656486888432,0.020022807940009567,0.0026214819071801454
52,0.00012680409289816009,0.00016022426203196017,0.0002284384469493101
53,3.6274389360072435e-05,4.530748110157414e-05,6.360794690062788e-05
54,0.00022836204737598548,0.00011323462724014355,7.161963730803949e-05
55,0.0015788769981352204,0.054511676189328624,0.003557837652598344
56,7.59354474807214e-05,0.00010292267206633344,0.00016188520748231975
57,3.446167422250159e-05,3.923504223818813e-05,4.902928406871455e-05
58,0.0005449584012721837,0.00024160137957497842,0.00014390242132448025
59,2.9089175833201206e-06,2.5881875205917488e-06,2.4959542440214316e-06
60,0.000378758306620112,0.0005718389332168051,0.00106476171696865
61,0.00011982096001054833,0.00011312612226209854,0.00011544427886672884
62,0.0001092525115346331,9.017569821373615e-05,8.131705880703397e-05
63,8.552156404611698e-05,0.00011576071245119568,0.00018172294803646283
64,0.0002169730848117525,0.00019822770991156886,0.00019597007474172397
65,0.0004025637988750375,0.0006032513208836475,0.0011093237669277131
66,0.0003057103372576787,0.0003960502296939663,0.0005842029193878885
67,8.771906322977362e-05,5.53114166609481e-05,4.057913413944636e-05
68,2.4317409328828554e-05,3.399654371052391e-05,5.599540951859144e-05
69,7.558168861129336e-05,9.493297269467724e-05,0.00013427271430745978
70,9.077559518217585e-06,9.391359972721694e-06,1.0528977024395122e-05
71,0.00024379232033008236,0.0002443897435903327,0.00026498877424183164
72,0.040453878292075356,0.01244079157451772,0.0019650956915219114
73,0.0005796638136077631,0.0018270656276107025,0.05269799846888766
74,0.0001894744895759738,0.00022695212032319015,0.000301831619639464
75,0.00535418747627968,0.051245747846751705,0.0020052300885058114
76,0.0005066668692840123,0.0009575805253675871,0.002780847509802667
77,0.00026558881934539235,0.0003122813607952178,0.0004058122287042938
78,0.003019276369346688,0.034302041696050396,0.017277203567065882
79,8.279771209145218e-05,0.00011211574218536299,0.00017609718194387664
80,0.0004586752987429366,0.0002996093267077263,0.00022522998727635883
81,0.001023260059013426,0.00044069001163229613,0.000258644441162318
82,0.0003400001188431725,0.0004956469321485368,0.0008714026564584175
83,5.777717123951035e-05,5.063068906357118e-05,4.814812474393009e-05
84,1.985962081445884e-05,2.4728180432801456e-05,3.457411036601404e-05
85,0.00036363429318143366,0.0007037774695324259,0.002163217316024857
86,0.0006455255676906386,0.002007750853003223,0.05122413773440338
87,4.788418206144075e-05,5.991787286960499e-05,8.432397225674369e-05
88,1.3715829052628784e-07,1.692225022069909e-07,2.3376883083862405e-07
89,0.00035692073637755875,0.0006914925619294925,0.0021307825719862994
90,0.00010033577479286708,9.057251178440836e-05,8.853026528678471e-05
91,0.0011118936394110411,0.003020575546176713,0.030761550337272906
92,7.554695582082398e-05,0.00010240178568826115,0.0001610789467850496
93,0.00027506896323037844,0.0003632038180229311,0.000550206189458037
94,0.03968535576168924,0.013012376834281551,0.0020261873581290356
95,0.00040158482134702503,0.0006020555603495907,0.0011079536710388855
96,7.60240686828338e-05,0.00010304148796264087,0.00016206910308239164
97,0.00045078026030371724,0.00029422333875935735,0.00022106063171642917
98,0.0027145698531067164,0.04312366866055494,0.010525151981873508
99,0.00034332035783290636,0.0006665217009955907,0.0020642695793067884
100,0.00023384937043321985,0.00031071755104285773,0.00047490139217044235
101,5.105663002902269e-05,6.39174330523191e-05,9.000844849024197e-05
102,0.00017166992906559065,0.0002450806555391564,0.0004168848953681393
103,0.00025711842223982836,0.00030122491600333167,0.0003896930115348148
104,0.0011123630841128101,0.003018955324639778,0.030590643596716923
105,0.0002606089627471782,0.00024178528635547913,0.000242579246314777
106,0.0006910966225035433,0.05962574814677571,0.0011106695845453372
107,1.803169525411404e-05,1.722964119922888e-05,1.7792208344925844e-05
108,0.0008825056714767968,0.0026106296042768184,0.04471464533577855
109,0.0010828624197220468,0.0028299668179745737,0.023781044325113028
110,0.011860084100901553,0.04124744602356885,0.002817093030182665
111,0.00011152701072283583,0.00011383077801553592,0.00012578510612914806
112,0.00018302587514791222,0.00024475855850678794,0.0003775507751176512
113,3.2937904549852387e-06,3.1594530884319115e-06,3.275169970979233e-06
114,3.656325331013263e-05,6.026123526021986e-05,0.00013118062705070387
115,8.581075989307603e-05,0.0001161475708617727,0.00018231973538672253
116,0.0006021879275469877,0.00034951454433483306,0.0002428294782608354
117,0.0004235173945204945,0.0009810450207763687,0.005076817014880049
118,0.00023460739989836584,0.0005285945343278659,0.002492264458872743
119,7.108203231110737e-05,9.641181434173231e-05,0.00015179949171177304
120,6.088541235500947e-05,7.632729254038164e-05,0.00010768131114615207
121,0.04076350358050117,0.012213072709931213,0.001940198039593683
122,0.002012192851184761,0.0008201866476551035,0.0004684990346235939
123,0.030487338444313162,0.02059050404839942,0.0026577885956150862
124,3.2509619938132855e-05,4.438101964700728e-05,7.054520039353768e-05
125,3.9390496219697264e-05,4.137308761154456e-05,4.71524484859518e-05
126,0.0002022662516232101,0.061760298492661826,0.000256654147521952
127,9.984025377359532e-05,0.00013488432923668928,0.00021115530372174806
128,4.396086191939578e-05,6.98838056135933e-05,0.00014231711826058046
129,2.8684294219734234e-05,3.9189965276563596e-05,6.236688023522568e-05
130,7.426096249293407e-06,6.560757918716453e-06,6.285791672345481e-06
131,0.0002952454612044321,0.0003882423074788625,0.000584727816879904
132,8.952658547243232e-05,9.158225395296802e-05,0.00010144308764203149
133,0.00030464174009826585,0.0003995384149032254,0.0005995051644775772
134,0.014246778071312782,0.002151400646428689,0.0008695205875477732
135,0.0002208188420641643,0.00029391075046623254,0.00045032152608141747
136,7.42908059301403e-05,0.0001047775921935412,0.00017490762307202594
137,0.002051133892541465,0.0008341117886282165,0.0004759178173275167
138,0.00024125030730193743,0.0002599811129655509,0.00030485314246148944
139,0.006937581645370048,0.048587977756097765,0.00228825193324013
140,0.0004729466558111053,0.0008993808247771105,0.002650046514534602
141,0.00016775553181424448,0.00022475117447641016,0.00034760766787255527
142,6.537495972446222e-05,8.874608762343171e-05,0.00013990279909649537
143,0.00010140628795327305,0.00011641262601495311,0.0001469237644679385
144,0.00299717138330787,0.0011139628823912471,0.0006094912372886372
145,0.0003695274524629357,0.00028661020953043344,0.00024532131351133815
146,1.5556834149216031e-06,7.407060432264924e-07,4.581200828501984e-07
147,0.0001922632906203297,0.00025682259836865023,0.00039552099510480455
148,0.00015147683812736222,0.00016107820977357204,0.00018609304583446453
149,4.4145071683283765e-05,4.639694453598497e-05,5.291549780625591e-05
150,0.00023506377727389264,0.0010294968260883776,0.05981637443343674
151,0.0002979411367963975,0.00025449736079465583,0.00023650158239170075
152,1.714744742999733e-05,6.822433360826203e-05,0.062292536795739206
153,0.00014820706832496285,0.00023157785830636192,0.0004573780320932187
154,7.574095126694053e-05,0.00010266189912091888,0.00016148158021119985
155,0.00024187909701223537,0.00022531939128609446,0.00022694649323023344
156,0.0002961694920873401,0.00042908330646909606,0.0007469570028738832
157,0.0002037585904228902,0.00024362163996032027,0.0003232647825518024
158,0.0001379423305129487,0.000215848853807038,0.0004273910488727996
159,0.0004245962480683597,0.00010154992684125423,4.68334188143631e-05
160,0.0004414338267073335,0.0008439454962577829,0.0025184563558118254
161,0.001253417885586953,0.05660142535872211,0.002499827716678727
162,0.00014460654892986871,0.0001667691452539693,0.0002116470098945125
163,0.06007727379538856,0.0009197911577345423,0.000211519392366014
164,0.0003210594701791248,0.0002071043640234272,0.00015433483887848074
165,0.0024705555848054585,0.0009771178191125384,0.0005501690915943829
166,7.665691877767713e-05,0.00010388988847867725,0.00016338203980620936
167,0.055519143644822175,0.0014276073074684088,0.0004400251201090998
168,2.516110493573534e-05,1.5706741255511035e-05,1.1445060921446856e-05
169,0.00022752590435452807,0.00030257173422373554,0.0004630102410847064
170,2.971675662256827e-05,2.660293167436489e-05,2.580151125907496e-05
171,0.00013441144380429287,8.521294924933687e-05,6.274723518895169e-05
172,1.4517285413651895e-05,1.1682548060452213e-05,1.0309684175740468e-05
173,0.00012756599294776958,0.00011546243294297577,0.00011314411726979221
174,0.0002933704324367728,0.00024705187079882127,0.0002267090073171527
175,2.85651269062862e-05,3.9973058264808605e-05,6.593458442469148e-05
176,5.200550470527908e-05,0.00018898239384268294,0.06181199030373854
177,0.0002177830240007034,0.0001989877666399781,0.00019674035539402027
178,0.0001440323413342936,0.0001935193703366915,0.00030053764832525684
179,0.0011100750859951312,0.002958391065448919,0.027318816197253074
180,0.00020729352238406723,0.00024077274301834592,0.00030822046409940734
181,0.034574145087193024,0.00301639814294933,0.001086512934376562
182,0.00024361989565796372,0.0002642599545074081,0.0003121685503793636
183,0.00024687209131988593,0.00029316800747388816,0.00038570111235823227
184,6.92270505995773e-05,6.228707744745331e-05,6.069640875025219e-05
185,0.0001105120720846707,0.00024348265489187258,0.0010690183838626742
186,0.00026743998787724784,0.0006056735068972329,0.0029041730564303724
187,0.00023731635873329242,0.0001519584539915533,0.0001126635175796169
188,0.0005996602652824137,0.001081154610795068,0.002823198613660145
189,0.01803860939802036,0.002480900681702888,0.0009804464176407554
190,5.501846778866063e-05,5.2293294911134334e-05,5.3717876158627543e-05
191,0.00018460745037530646,0.0002468262295323499,0.0003806353755408764
192,0.013562327540802334,0.03895724422704102,0.002913935268344167
193,0.00010975656637061726,0.00011204381884108585,0.0001238340267637824
194,0.0003595358109537836,0.001628893094063749,0.05845032688812383
195,0.00040396383633010957,0.0006049252327272189,0.0011111092012503067
196,0.00021769191696763225,0.0002333851698123208,0.00027208692197109994
197,3.830214534535985e-06,8.008651036782913e-06,3.0128829766948735e-05
198,0.00027096252306597386,0.00034838099874612955,0.0005085499106348248
199,6.677803890611314e-07,8.257303847915042e-07,1.1440179837592914e-06
200,2.6758575971425227e-07,2.779442118527312e-07,3.129594345704118e-07
201,0.0003002868945758447,0.0002532336289229174,0.00023267054581884269
202,0.00016650807345646313,0.00017734856080310572,0.00020525774774918915
203,0.00019433550883853718,0.0002595246989165193,0.00039953679435764426
204,0.0007471769954860704,0.00038747704855529136,0.00025141692950751037
205,0.0023026286332368247,0.048438317991150864,0.0070299084228018244
206,0.0005607743913898749,0.0009983648156475567,0.002537271572638964
207,0.00011987537540465373,0.0001615395240548662,0.0002519485826926874
208,1.0109387745950276e-05,3.990813310710254e-05,0.06237692370754599
209,0.0006156018116201279,0.0014644422167494895,0.00833318291473718
210,0.00027163193770216173,0.00039231926399052965,0.0006796195394118482
211,0.0002002156981683613,0.0003106622951900318,0.0006061163724855713
212,1.1017039049152422e-05,0.06246339889191605,1.1614283226626147e-05
213,0.0015670468708777554,0.0006550527135424024,0.0003787967658953701
214,0.0193158011637012,0.031920766137797395,0.0030274944384923266
215,0.00011479711332365731,0.00013197437452404712,0.00016685245430172164
216,0.0006570812005002989,0.0015723569736848795,0.009144778865485485
217,0.0010549908343150168,0.0005655999560130748,0.00037423506914507654
218,6.24417162663017e-05,8.480201151179445e-05,0.00013377240797420031
219,0.0005449868673382471,0.0010217778153836959,0.0029124216834617847
220,5.4916216451878496e-05,5.2196737406352905e-05,5.361932680895706e-05
221,0.00029754056052640226,0.00038454911681462436,0.0005653758089170627
222,6.129741365062912e-05,8.326259212264903e-05,0.0001313778754961133
223,0.0002794511719537624,0.0002096556878607049,0.0001747255166923383
224,0.025468870114078453,0.025354830022803695,0.0028951704281775523
225,0.00011883623722515736,0.00015002334102879025,0.00021364030132366805
226,0.00036259259491823155,0.06110893215305433,0.0005031583089206647
227,0.00018037431409964068,0.00028061248840175807,0.0005500027113724382
228,0.0001950356161220178,0.0003028316900351712,0.0005915422109031538
229,0.0016830554746472123,0.05833113577469587,0.0009469103202514302
230,0.00024315765480964482,0.00032267025385834466,0.0004922675126606206
231,0.0003911138381779911,0.00030223498211433926,0.00025791945898838214
232,0.0003568848666899992,0.0002772826245114545,0.00023767171690363374
233,9.13581940183302e-06,1.4673984859837007e-05,3.044855401226703e-05
234,0.00018812715907174266,0.00029237218752601804,0.0005720218204307574
235,3.622703868456027e-07,3.7696507816592857e-07,4.252741474836186e-07
236,0.00019427375247630155,0.0002594441935457119,0.0003994171987074178
237,7.963673572757429e-05,6.350289239116357e-05,5.561193311992218e-05
238,4.2113443304603864e-06,5.796617610150997e-06,9.326708980965672e-06
239,0.0011073361535526712,0.0006015336460702961,0.0004011618830454012
240,0.00034156543581292503,0.0004980515649585892,0.0008759758933424915
241,1.3405653599964118e-07,2.829667299739256e-07,1.093436173696806e-06
242,0.003776816756004083,0.0007623496516057913,0.00033333581326224165
243,0.0001835385630138989,0.0001589044324884337,0.0001494643147955596
244,0.00017892322593595275,0.00023939093638750654,0.0003695344376593301
245,8.215148386984531e-05,6.761719075068874e-05,6.082767778504448e-05
246,0.00031345848889791555,0.00040776632866853054,0.0006049326153024499
247,2.1104167979602758e-05,1.5396670292600605e-05,1.2554347660809848e-05
248,7.857025980496505e-05,7.076560534636068e-05,6.902418082244936e-05
249,2.270460969285873e-05,3.728068728940418e-05,8.058404424295457e-05
250,3.878278422675995e-05,1.8082042664840225e-05,1.1057926534403211e-05
251,0.00024295038851471736,0.00031109738044975496,0.0004516076278274217
252,0.0003267509479832553,0.00047537997638559824,0.0008331005668023703
253,0.00029146986409676293,0.0001454317649807658,9.23067920421303e-05
254,0.0001389511373148134,0.00016015105889252045,0.0002031008620021025
255,0.000313939403724682,0.0002666284134740528,0.00024651467319804866
256,0.0011078962465546215,0.000609531230330474,0.0004096311485084458
257,6.103102130467154e-06,5.893610497570985e-06,6.150631850558367e-06
258,0.00024792325692147795,0.0002943506902583505,0.0003871492382044699
259,0.00016685210502739232,0.00015681763055268292,0.00015932285215224082
260,0.00012333624532910565,0.00014191960834113607,0.00017962197558067127
261,5.781771655279589e-06,5.987510673070914e-06,6.719902943273645e-06
262,0.00020865135795287979,0.0002781476988492652,0.0004271175584972809
263,3.379621877531842e-05,4.6125546641226e-05,7.329035178912187e-05
264,0.0002698540731727129,0.00034689384420411224,0.0005062550796770232
265,5.672263141153511e-06,5.874321404595838e-06,6.593129734850855e-06
266,0.0008959181419088482,0.0026420074831434532,0.04425930686257728
267,0.00029303988206223086,0.0005013946919018434,0.0011740047354890498
268,0.0004802773211202531,0.000912141258928141,0.00267944231444114
269,8.292418289850348e-05,0.00011228503198150855,0.00017635858374160464
270,5.144648951678696e-07,8.31712095680471e-07,1.7464555499174126e-06
271,0.00017671688264907738,0.00016592561225809091,0.00016841422484421264
272,0.00035065282555247747,0.0005120602445715345,0.0009027554925705548
273,0.0001699889846774101,0.0002864111592827873,0.0006505106154733672
274,0.002493119972071754,0.04627258568726852,0.008403402362336717
275,4.2421031763730636e-05,4.727033332758281e-05,5.7593119254664516e-05
276,4.7661214146345916e-05,6.488332014596781e-05,0.00010271006402205107
277,2.111122473205421e-05,2.2110284956313374e-05,2.512001665160912e-05
278,0.00020299570562776887,0.00021716104602756154,0.0002525638794604551
279,0.03639873737081639,0.015560831321919768,0.0022748468968811116
280,4.8838787794020145e-05,4.28437203182507e-05,4.0782813052975325e-05
281,0.00030963346226291205,0.0004493928399907206,0.0007845406584315722
282,0.000573349810660508,0.0003798593711725336,0.0002884241869151212
283,0.0001124266047289236,0.0001516434493111957,0.00023683469860948447
284,7.862711299764322e-06,7.008163413290573e-06,6.769501773432416e-06
285,0.00027875095434667035,0.0003588670846359169,0.0005248038700024595
286,0.00031383149853396106,0.0004095190795373589,0.0006101596752764889
287,0.00020401751631397144,0.00040474637140095257,0.0013232029992307128
288,0.00038004990765672314,0.0002885783063369942,0.00024280920023330682
289,0.00029074011214470476,0.00037517062726812484,0.0005503960646797509
290,0.00017465674833464634,0.00027192530755227803,0.0005336879910947161
291,0.0002893493017786914,0.0003732664599126581,0.0005473816993313538
292,0.0003307313008883288,0.00025775508440709267,0.00022149046572055223
293,0.000216092256613077,0.00010701295481191639,6.76358239588727e-05
294,0.00031022721665362505,0.00040594385729991354,0.0006071880018733706
295,1.6109710337336855e-05,1.4387185824588013e-05,1.3922703531003955e-05
296,0.059631401544798686,0.0006899224885581665,0.0002007138164580951
297,6.025046518475654e-05,8.479646240595355e-05,0.00014109590431031046
298,0.0030021155041901333,0.03558909213238606,0.016215077257733076
299,8.162726183780976e-05,0.0001105487798232379,0.00017367709148097103
300,0.0008951840880498663,0.0026402999712379607,0.04428458729360818
301,0.0002656763756124437,0.00045306079662359454,0.0010537865629651317
302,0.0006060478526068192,0.0010970761459736715,0.0028899734870726852
303,0.00015714719224089478,0.00015464113235958663,0.00016449818735470365
304,0.0008007059862655891,0.001958140279211651,0.012376880241132593
305,0.0003614489900691039,0.0005477380307740374,0.0010262780273841484
306,4.829217322712044e-05,5.5091261726080226e-05,6.900822751015815e-05
307,2.681825636132064e-05,2.1915497998502315e-05,1.9593810987824473e-05
308,3.332407545078218e-05,4.1601553449506016e-05,5.8366268280085216e-05
309,7.739289748673232e-05,0.00010920124900684439,0.00018241661351001834
310,9.462866582963832e-06,6.883662824734061e-06,5.600348504889852e-06
311,0.00025879160306124284,0.00030639766656656337,0.000401592861352326
312,0.0003019282140474807,0.00039068175715356937,0.0005753303436942639
313,0.00033567893753201226,0.0002168116906016982,0.00016171202372687233
314,0.00030048577425659685,0.00019348509098537212,0.00014400637602795223
315,0.00024504277481902275,0.00028626906261942144,0.0003690627242377217
316,0.0002238590707172925,0.0007644986679234667,0.05926718770665516
317,0.00018219234437128712,0.00026041673386481605,0.00044380597729842125
318,0.00024498630416618,0.0002444726747722938,0.0002638281371147933
319,0.0005949426736205569,0.0003046570863692664,0.00019624253142978831
320,0.0010862212318192845,0.00301607854199455,0.03460220463947044
321,7.464522060791295e-05,0.00010119256275176427,0.0001592068187332465
322,1.374678057104821e-05,1.2125639556917035e-05,1.160049410623977e-05
323,0.0002284227428512087,0.00022994009714596037,0.0002504106570728775
324,0.00027462633809222987,0.0001631433891818105,0.00011504744499806461
325,0.0004988085854032778,0.0011675335710253716,0.006266105691738247
326,0.00021361269291388923,0.00030642509859389155,0.0005251539538226002
327,8.314511803219317e-05,0.00010082004359426504,0.00013619064708153726
328,0.0002662347062304884,0.000246310042873359,0.00024644926043189386
329,0.00022152028971759072,0.0002828894448179433,0.0004091490179202113
330,0.00022987193379177807,0.00025033998826859974,0.0002970609685037687
331,0.00020856687061613066,0.00035316549845991273,0.0008100115517607701
332,0.00028437565395085393,7.931337670062292e-05,3.8599073041122915e-05
333,0.00013542386070642548,0.06201656670858116,0.00016413526773968162
334,4.330085982491965e-05,2.093151315682654e-05,1.3053454127587589e-05
335,0.00011032525626637142,0.00010425634910678927,0.00010648840923382165
336,0.0002664852403656061,0.00024645740860552295,0.0002465154831167882
337,2.723503100841631e-05,6.9297758274920726e-06,3.2637182136381285e-06
338,0.00019581422075982252,0.0002614519215684526,0.0004023988859349937
339,0.030371583551605637,0.003016653668384071,0.0011128800809852154
340,5.5272849627140915e-05,6.726554755248155e-05,9.128669400738691e-05
341,9.38366158199869e-06,1.2886958423726386e-05,2.0665887147452064e-05
342,1.1912196133566682e-05,7.410082859127249e-06,5.386764238345209e-06
343,0.0009376755324569615,0.002737102094393957,0.04274297731691588
344,0.00022484991742222069,0.00038151569346251996,0.0008785682259044215
345,0.0002903402664036829,0.061668852176561054,0.00022554154848926537
346,2.4689389396610097e-05,3.9437382912783975e-05,8.101345072719616e-05
347,6.164853614071607e-05,7.044973600075709e-05,8.84291965464448e-05
348,3.992514404183527e-06,3.828578202975748e-06,3.967664230022264e-06
349,0.0004083268044555542,0.0006095702927746949,0.0011139240292865902
350,0.0002663272432974253,0.0005231529174829774,0.0016680549839107439
351,0.0002771854387346865,0.00042569672117118135,0.0008159452231238791
352,0.00014204950540584055,0.00023842880207106465,0.0005375317587478122
353,3.0233007122459215e-05,4.129237600827363e-05,6.568094657632808e-05
354,0.000418779008114288,0.0007279978814360777,0.0017602809472659282
355,7.871417326699901e-05,9.01347593555114e-05,0.00011341410050361424
356,0.00013109896706916217,0.0001391137956362326,0.0001603412911779795
357,9.799588681941093e-06,1.3644272857535718e-05,2.2334776061227793e-05
358,2.9209188327941215e-05,4.65986972917746e-05,9.550789145940044e-05
359,0.00032894264931430635,0.0002564108373191392,0.00022037033100020758
360,0.00011903033093073506,0.0001688749030173171,0.00028449199722852783
361,1.938471271997611e-05,1.58193466183227e-05,1.4127025447412395e-05
362,6.667892524329924e-06,5.941072428179073e-06,5.736842779850487e-06
363,0.0003407980865723264,0.0007802577359476548,0.0038796213810779042
364,0.00013664063700576966,0.00018375258684706847,0.00028573955112892496
365,2.0182126123299292e-05,2.818694538749259e-05,4.635578367487035e-05
366,0.003013235949350372,0.00108371988578955,0.0005843221350205763
367,1.3128584343035924e-05,1.829963321822124e-05,3.0005555718792633e-05
368,0.00031262632020566595,0.0010437513035781664,0.05780687753165648
369,0.00023992442683413827,0.00020658195700771738,0.00019334906255321887
370,0.00019183503026038066,0.00032414187809425926,0.0007403322217737016
371,0.0002479301460192043,0.0002943584340595013,0.00038715870776244
372,0.00017259377476385937,0.00018395472860990164,0.0002130633646961528
373,0.04825222779455017,0.002320281409953798,0.0007643683049122372
374,2.7386743418374954e-05,1.7104478608349134e-05,1.2467678366148849e-05
375,0.00017928863284293978,0.00040024376817775567,0.0018317068622391722
376,0.00024128094965744661,0.00024211669890311486,0.000262800938847959
377,5.0735277231570214e-05,5.647091765103577e-05,6.871208516535963e-05
378,0.0002359986662780629,0.00033941209022420493,0.0005840491222552751
379,0.0011097517113578394,0.0006099316069543141,0.0004096469892621122
380,0.00012520010780916666,0.00016860359709968225,0.0002627147785852492
381,1.440390993035954e-05,1.612837512343117e-05,1.976191918192943e-05
382,0.057869556592952065,0.0018954612771087845,0.000412907198392565
383,6.931848988553367e-05,6.760185419455227e-05,7.125470834969108e-05
384,3.1010683623079266e-06,4.304534865425773e-06,7.013857270521674e-06
385,0.00022563781263893452,0.0002422352019859054,0.0002828373112445839
386,9.185889447702256e-05,0.00010174642125113467,0.00012310349278197755
387,0.0011080716143658863,0.000609573584282665,0.000409637495467248
388,0.00039742533737060993,0.00030666665263368357,0.00026139316277808356
389,0.0003113180344625166,0.000243117327921923,0.0002092590600703997
390,0.0007875450088280798,0.00040984252920928804,0.00026646980260428016
391,3.2251246918146024e-07,2.859149510912089e-07,2.748035375272191e-07
392,1.325046315616396e-07,1.0738911144623723e-07,9.533877747284913e-08
393,0.021457655056392466,0.002709921118200455,0.0010504126649234155
394,0.00024535268887514167,0.00032548174394705736,0.0004963369257356686
395,7.471440008159756e-05,0.00011806295569217588,0.00023786681657162766
396,0.0001239522798401522,0.00017596446242575798,0.0002967130335834779
397,1.5518018525502092e-05,6.163970819928364e-05,0.062312008543575104
398,0.0003512210074794288,0.0005332661833609347,0.0010024195502568926
399,0.0029039435862383066,0.02559393603082134,0.02523007322694661
400,1.0917762002601841e-05,1.356396190113124e-05,1.8909040318189615e-05
401,0.002825595195096461,0.02368559924831744,0.02716950188584933
402,0.0002572909072282434,0.0002366277732990991,0.00023541802326069823
403,0.0001888086786540299,0.0002523144377762528,0.0003888135209496524
404,0.0024961561883172037,0.018240109907196125,0.03316316300585336
405,1.2570018664161543e-05,1.5415824013189504e-05,2.1130306017251496e-05
406,9.344332072883289e-05,8.844970312698016e-05,9.04908560967261e-05
407,0.00036813871662965504,0.0005393008743586475,0.0009556359007289027
408,0.0001118577676443231,0.00017569881980328958,0.00035023326977933714
409,0.0005177136611293663,0.0009136349954366688,0.0022792109422969504
410,0.0018391095933998772,0.052604176361623185,0.004586581063230313
411,3.043511325992078e-05,2.9021095324943677e-05,2.9907048183087982e-05
412,0.0001023965098606548,0.00010460858563249557,0.00011570830770157673
413,3.94128855348509e-05,4.055436315965608e-05,4.520231934259524e-05
414,0.00010435673576990257,9.100797471591893e-05,8.616554629637764e-05
415,2.5113246851766684e-05,3.130379211186727e-05,4.3830873980291925e-05
416,0.00013570139823756554,0.00018251037180735366,0.00028385479849053416
417,0.059052078373958206,0.0008075605123045332,0.00023733246223791148
418,8.930430319194475e-05,9.435475828155752e-05,0.00010823435240532705
419,0.0001309934822491907,0.0001762797980032256,0.00027439260251780056
420,4.4413492544136976e-08,5.481268391958985e-08,7.574944028037835e-08
421,0.00013770488586129233,0.0001517815071602067,0.00018260499079433726
422,0.00038362882650468913,0.0005638944708597046,0.001004680399995774
423,3.432294380828034e-05,4.8087722893173065e-05,7.946362910770933e-05
424,2.5342659871358522e-05,2.8315189427011284e-05,3.460626986427153e-05
425,0.0005365622660255223,0.0003663939174263669,0.0002843071657056485
426,0.00022694905583052081,0.0002643182607039322,0.00033948370064596823
427,0.0002452961279814352,0.00032540933446681034,0.0004962321965262489
428,0.005779930324995518,0.05051318686839058,0.0020886203380379308
429,7.390059239790911e-05,0.00010019382540763114,0.00015766012578927836
430,0.000347528449821363,0.00020532208546424736,0.000144279594428651
431,0.0084688220213921,0.0014828038832933143,0.0006226970818063443
432,5.38990227728037e-06,7.4143884553473935e-06,1.1919091081774134e-05
433,0.00022476925076610514,0.00029901454098091757,0.00045780428868847576
434,0.00018877131956503292,0.00024015393758760787,0.0003455554139426477
435,0.0004529843500991018,0.001053597621675667,0.005530280924720024
436,0.055335557306695766,0.0014559287800257927,0.0004496783588281602
437,3.461536621621017e-05,7.47526464970054e-05,0.0003087642007273627
438,0.0012015052932181913,0.0005123649740195893,0.0002992256412098423
439,0.0003193707711308765,0.001064556035758725,0.05769166005854223
440,0.00022076042089590398,0.00021894272471414302,0.00023477382851962676
441,0.000322828220404773,0.0005543779865937467,0.0013075858909645927
442,0.0004025745073931799,0.000310176425754143,0.00026406503176765737
443,0.00019081770037947585,0.0002964478901597569,0.0005796354575873539
444,0.0024595892481455452,0.0008198817247178548,0.0004279025770664476
445,0.004904612163602374,0.05203519073338994,0.001910550312613335
446,7.08006250988304e-05,9.603407586632645e-05,0.00015121382835751271
447,0.0002704190995182223,0.00039050962044572077,0.0006763259664017428
448,0.00016170714357826338,0.00014685374922714177,0.00014435909400578465
449,0.0002466392595948351,0.00032712829298333837,0.000498717274497532
450,1.221833523518781e-05,1.7025946244399595e-05,2.790494727262648e-05
451,0.00038467268855296797,0.0005799126296867556,0.0010771314328166593
452,0.00022136931044576882,0.0004977041769001073,0.0023303863016723987
453,0.00014387902495233192,0.00018214096723007334,0.0002603417678685472
454,0.0002416353908303009,0.0003728879782257883,0.0007206645130493995
455,0.002371778640285456,0.0009447723178694927,0.000533756887249617
456,0.02867921585264916,0.0029903788239048477,0.0011136466304925902
457,0.0002970945185847203,0.00038392988087697464,0.0005643787470476114
458,0.00038128059978165426,0.0005601270082876415,0.0009970584060981838
459,2.428692403874843e-06,3.346578156779992e-06,5.393385346541147e-06
460,0.06225883188526826,7.968724395407653e-05,1.9974774165477162e-05
461,0.0016299903179079027,0.054155525098772195,0.0037454636362792624
462,0.00048581044579461583,0.0001155214071207539,5.3174990681046024e-05
463,0.06236955277448888,3.8337548528503586e-05,1.0220326417413742e-05
464,3.225884766687645e-05,8.581605115424895e-06,4.105390112378469e-06
465,0.00023416523851059804,0.0003367035521960371,0.0005791943145565602
466,0.00026166084401420877,0.0003094772125480652,0.00040511168310206427
467,8.529716511703618e-05,0.00010726462579158211,0.00015195769520713763
468,7.694859992828944e-05,0.00012154605478631896,0.0002447142546955391
469,0.00012836160021662557,0.00010614623355847078,9.587322800446898e-05
470,0.00040534337558608514,0.0006002973017953352,0.0010826618044715993
471,6.94398724246524e-05,8.715021953996022e-05,0.00012313598341186604
472,1.1043802607192766e-06,0.06249639743032634,1.1228211592712605e-06
473,0.001948280794480814,0.0007971341128325955,0.00045616113264917687
474,0.00024272351770848394,0.00024194313549094957,0.0002607947987458758
475,0.06154129927641395,0.000337862705165403,8.153189745262219e-05
476,0.00024214930275270343,0.00026283294422538517,0.0003107079459089129
477,0.00015177517732438742,0.00018259750605037993,0.0002441983809777435
478,0.0001513608766970852,0.00016095292838261188,0.00018594578648643137
479,4.352978312282501e-06,6.046660721911339e-06,9.863227510706926e-06
480,2.1605157067282223e-05,3.4542492075165875e-05,7.107633667544429e-05
481,8.123314603252953e-08,7.204753524143092e-08,6.927636326880163e-08
482,8.175681690356688e-07,3.1231709816473306e-06,0.06248975358590457
483,0.00020428505966281257,0.0002927324085649161,0.0005008498255187712
484,0.009786348190718998,0.04419546458699397,0.002646301544951696
485,1.1846973322466055e-08,1.6384549738132918e-08,2.655111476166833e-08
486,0.00015102382867198614,0.0001421603243406397,0.00014464936668709332
487,0.00010582625020748045,5.1711465783862516e-05,3.24412195718607e-05
488,0.00029337277809610396,0.0003859521028952083,0.0005816441323875403
489,9.149196717333281e-07,1.1316220663368865e-06,1.568357317888496e-06
490,0.008377906908732536,0.0014705112252723735,0.0006179486685774548
491,2.240485696029344e-05,3.581233284261641e-05,7.365667549344144e-05
492,6.660042551356966e-05,7.398229434927007e-05,8.981143944260929e-05
493,0.00031139131345983627,0.0002649568310612911,0.0002453737586290389
494,0.0012974770870413839,0.0005503953304980484,0.0003205967976033873
495,0.00029620017718977326,0.00038940603382298095,0.000586286200763853
496,6.955090203694066e-05,9.435623999432596e-05,0.00014861173404644168
497,0.000308507421713061,0.0004040185855448302,0.0006049896598316202
498,0.00046047024028245695,0.0008775410536780353,0.0025989216933426274
499,8.770187138587464e-05,6.987547622164509e-05,6.114980696545772e-05
500,0.0003714265826372923,0.0002816364199787745,0.00023670379875506665
501,6.825128781830735e-05,9.261088690134319e-05,0.00014590371376221414
502,8.50524374209181e-06,1.1836431180745334e-05,1.9361422230173496e-05
503,0.00027822687744143626,0.00023371902411805506,0.0002140075942284024
504,0.00015093943429239984,0.00014843728572766642,0.00015779551417996175
505,0.0006199403062416114,0.0019381640296902423,0.0518092856666823
506,0.055437847051060786,0.0014401912883172617,0.00044430987504802074
507,0.00029341129827851787,0.00038599930571968377,0.0005817078989788156
508,7.11905844705432e-05,4.479106451155244e-05,3.281198398973665e-05
509,1.7544528954881405e-05,2.4033900286463958e-05,3.8397646337982964e-05
510,0.0002318398505495563,0.00017315906133962854,0.00014380074789052146
511,6.206684834202974e-07,5.963119614770468e-07,6.19144357815442e-07
512,0.06226807210382866,6.700395614315807e-05,1.8011123063735015e-05
513,6.0729337068299515e-05,7.38505067217132e-05,0.00010012664135663455
514,1.5771852852795684e-05,1.3905925728285178e-05,1.3298433407668741e-05
515,1.4794122899477231e-06,1.5349715120941652e-06,1.7262675457053281e-06
516,5.191816647591523e-05,6.500409986392368e-05,9.155386833956679e-05
517,0.00016348621843357408,0.00023317723762325207,0.0003960545961144598
518,1.2438112399822955e-05,4.65349549337046e-05,0.062340808756277434
519,3.9118008219559514e-05,4.7720569940290076e-05,6.496346441537551e-05
520,0.00024327680141894442,0.00032282293472745934,0.0004924886640729548
521,0.0011063652065745186,0.0006007298872729648,0.00040051500518932385
522,7.093313972702507e-05,8.904151751759912e-05,0.00012584056301360655
523,0.002953091423469759,0.02712657112279591,0.023727025757068292
524,8.72467638440317e-05,0.00011806813904763203,0.0001852816443621566
525,0.034661826471491526,0.016977535075509576,0.0023968680945947343
526,0.00017510165737984537,0.00020260621868680104,0.0002581595303447048
527,0.001113395683874183,0.0030133945217583813,0.03009559852521915
528,0.00011152469499541708,0.00012816762006125494,0.0001619715925625382
529,0.0003420256203952872,0.0005201474090167291,0.000980444402633839
530,5.411635549245626e-06,7.444207669680065e-06,1.1966842703101131e-05
531,5.774578385318339e-05,7.025091752898473e-05,9.529611907025762e-05
532,2.8052918287042563e-06,3.1704957396161333e-06,3.927539168538248e-06
533,5.560785439816554e-09,6.864569064180364e-09,9.489790412898393e-09
534,9.057021378483339e-05,0.00019866825859426475,0.0008604304835780051
535,2.6569151623550445e-06,2.3514351888004802e-06,2.256526968863757e-06
536,0.00016818229074911606,0.0001008114217720265,7.150761208490655e-05
537,2.2610169801374904e-05,3.71245525080769e-05,8.024221189934302e-05
538,0.009839977548447353,0.04411681524633532,0.002651556079493438
539,0.056756493565578756,0.0024243415836494413,0.0005156756847118877
540,0.0004698744185451656,0.001514841365799231,0.05494637197156351
541,0.0012897088158328324,0.0003935294035470358,0.00019817164306634933
542,0.0001563368295329766,0.00024400729167901937,0.00048097985790778917
543,0.0009633222084738317,0.0027932476118925275,0.041720483084928865
544,0.000914238053366039,0.060090584954147985,0.0005927195111951678
545,5.545646672517033e-05,6.33240991574289e-05,7.941061582059009e-05
546,0.0002632249331395531,0.00034825509438175697,0.000529045011210394
547,0.01544717240794511,0.036540746657528655,0.002983602657447515
548,9.182537005402635e-07,1.1357494945536419e-06,1.5740844275566426e-06
549,0.0008280754003809151,0.0004727051208414618,0.00032499533477823987
550,5.0079778276688714e-05,7.03658013721893e-05,0.0001167886304898275
551,7.592452808241956e-05,0.00010290803207883661,0.0001618625482631252
552,0.0004065160789256081,0.0006078078144878518,0.001113551209573614
553,2.9870822527322396e-05,4.914744424338558e-05,0.00010664333736569533
554,3.344592273972205e-06,3.7576533574298787e-06,4.622451474451302e-06
555,0.0004057054338463725,0.000310011096470939,0.0002621668221810487
556,0.00016090678807276568,0.00011349229150933959,9.019623891670398e-05
557,0.0002948114786365155,0.00038771242798179005,0.0005840162623115431
558,3.596432212052941e-05,3.4266020338293705e-05,3.528413638660251e-05
559,0.00030553526716056587,0.0001968232999929527,0.00014653567522576207
560,8.976020021282593e-05,8.093891477758967e-05,7.903405341335687e-05
561,0.001918652668142947,0.05196926297440185,0.004941788169702254
562,0.03850375153866355,0.0029295193529662055,0.0010309001146928192
563,1.302556021874165e-05,1.3462797688172661e-05,1.5077883891307563e-05
564,8.020844617415747e-06,9.08298545221392e-06,1.127820353168337e-05
565,9.68940297015363e-05,0.0001024557561407692,0.00011763075094165056
566,0.00033512367793270097,0.000510243705226374,0.0009636724298669673
567,8.842810138776198e-06,0.06247070479703899,9.27046648011484e-06
568,4.745041494302796e-05,7.839972937485551e-05,0.0001714739548416594
569,0.0003576014069161446,0.00052283469210189,0.0009235296221272248
570,0.0001569415517004884,0.0002105363860642195,0.0003262324819444468
571,0.0003635191334753373,0.0002753200237983232,0.00023118041237277096
572,0.000146164424100491,0.00012697639700756658,0.00011979965703502171
573,8.85293645615784e-06,1.4461986934987186e-05,3.0960560376056466e-05
574,0.00012009866248704729,0.00016183591795243066,0.00025240068676650316
575,3.440189983481205e-05,4.8199100737475684e-05,7.964958261117413e-05
576,0.00020387870452340874,9.289593178462211e-05,5.612269843622605e-05
577,0.05414903339365062,0.0016309108793022694,0.0005101339999252773
578,0.00026259214915078024,0.00024190432556891748,0.0002410501981711205
579,0.03602775497495698,0.002994201026004118,0.0010694014530498047
580,4.406782156454139e-09,7.137278821845058e-09,1.5037708275294557e-08
581,0.00021284743555403598,0.00032971323191819746,0.0006414284863806431
582,1.2914399340447195e-05,1.4465585326667243e-05,1.7731770314102473e-05
583,0.00024624369553420016,0.0002661335593638834,0.00031308896989124283
584,9.923795153525663e-06,1.0264566827549889e-05,1.1505204695880521e-05
585,0.00031355082923492883,0.00040931124453247314,0.0006101793416214233
586,0.000813985855646854,0.002445019768742331,0.0468554914133047
587,6.28836132399549e-05,6.12819000286651e-05,6.454582412984641e-05
588,0.0014511771763537204,0.00044805628665203057,0.00022668081464861123
589,1.79506397763608e-05,2.505578873544482e-05,4.116999112000336e-05
590,0.0001723861175505153,0.00012146864462944231,9.646380118967735e-05
591,0.00015113456531051282,0.00019147768653257274,0.00027397922025045507
592,4.011140634552368e-07,3.8546635573176863e-07,4.003220588250531e-07
593,0.00022457766686310863,0.0002987671873526997,0.00045744199831524883
594,0.05545724596070257,0.0014371946715933067,0.00044328890645050164
595,0.002288080461128401,0.0009166498636524887,0.0005192761607059755
596,0.0014831370318869567,0.05515705951704586,0.003223172473633176
597,4.745344364067394e-06,6.593041295835513e-06,1.0757792885086626e-05
598,0.00031343014240780334,0.0002663483693759136,0.000246380773285716
599,0.00014476339260040643,0.00019448441846973586,0.00030199784472457336
600,7.593338668537944e-05,0.00010291990909480628,0.00016188093106596948
601,0.00010591589770173905,0.00010816522750771401,0.00011959676757072928
602,8.522384109377942e-05,8.722019533742238e-05,9.665794504667696e-05
603,7.364740973805377e-05,0.00026473963930090697,0.0615123960164037
604,0.05142407404450117,0.005251793226150961,0.00100925810496106
605,0.0002516086897861489,0.00038776262807106433,0.0007476945867947374
606,5.6813882654586505e-05,7.722668390589911e-05,0.00012197943341998957
607,0.0011122015300198903,0.0006101877915967773,0.00040937511732561446
608,0.00011420610211876162,0.00016193328886877497,0.00027254503754911205
609,3.8846488714940455e-06,3.13593036038658e-06,2.7747511250058036e-06
610,0.00017088674204287772,0.00026619045512165865,0.0005228952808099856
611,0.00032760225332612123,0.0014720955600734072,0.058799031730783824
612,0.00012385605013402054,0.00012625763242712855,0.00013933328124170216
613,0.00026651231164862563,0.00038468490312523415,0.0006657374396479612
614,0.0010489733009700292,0.0029616601526248148,0.037434284515436296
615,0.00010948111158928163,8.082994348996294e-05,6.651992921805808e-05
616,1.00441769547868e-05,9.6139633570566e-06,9.944894248548405e-06
617,4.5228747486838046e-05,6.159780294161035e-05,9.756935305293702e-05
618,3.0272183484911503e-05,4.134554499148933e-05,6.576472577348638e-05
619,0.00023667693387322138,0.00020385608162458202,0.0001908569014597694
620,0.000187369886956367,0.0001897252826037597,0.00020789369207922296
621,1.4384401062615732e-06,1.0379857477876163e-06,8.39278225873065e-07
622,1.610858544323462e-05,2.639287718651308e-05,5.681757962911214e-05
623,2.3258215843728754e-07,4.89239138189299e-07,1.8719841915369507e-06
624,0.0003111407356364084,0.0004069365371131632,0.0006082490265425718
625,5.006515752121104e-05,4.005866778058767e-05,3.5181180981021254e-05
626,2.2023331699419704e-05,1.031253847502705e-05,6.321121556682874e-06
627,6.316664529598647e-05,4.4995623834319236e-05,3.602620677406915e-05
628,6.309869270515929e-06,1.3436477917562582e-05,5.3252503010005194e-05
629,0.00013630821466806425,0.00012848946548747498,0.00013091987086163518
630,0.00022598715608112969,0.00030058657350882413,0.0004601059193882676
631,0.06076648660386041,0.0004424482555411507,0.00012568551037922142
632,2.4687888599174053e-05,3.0770994989119374e-05,4.308008069809827e-05
633,1.9797015520649267e-05,2.7103570004573646e-05,4.3264193002374503e-05
634,4.687558190616158e-10,7.593904903168261e-10,1.6007097156720154e-09
635,1.9000490182267816e-06,2.3397988571789438e-06,3.224293907715826e-06
636,0.00010980690622489959,0.00013848336691156519,0.00019693808056564293
637,0.0005665218943752462,0.0010564446288019033,0.002974118225487431
638,0.0005419382810305425,0.0017213147670061477,0.053497560914882794
639,0.000939519826887447,0.002741202121794518,0.04267204483479256
640,4.277406855080284e-05,6.0024086689214495e-05,9.943030817663078e-05
641,0.00040716211493838474,0.0006084796858660536,0.001113891340717882
642,6.181205511277555e-08,7.62796080700408e-08,1.0540628253842747e-07
643,0.00011859961981360201,0.0001682548603137835,0.00028342409687395266
644,1.8695955339981754e-05,2.560339967670639e-05,4.0886685133251606e-05
645,0.00016894353492434704,0.0001799909280365275,0.00020837809231316997
646,8.338961807283659e-05,8.804972596971118e-05,0.00010093138749708256
647,1.5597783879317186e-05,3.234973770464421e-05,0.0001189798698444097
648,2.595560732945243e-06,3.214292860950651e-06,4.46201544344068e-06
649,0.00026437149036100105,0.0004067313216852893,0.0007819503041151464
650,0.001068170854389649,0.0005740419395374866,0.0003803645807554123
651,0.000313643233761173,0.00026647408496825227,0.0002464516692459571
652,0.00031183739765357156,0.0004051119762390655,0.000599873215928845
653,0.0011467231300038166,0.0004904799136088578,0.0002868762123818783
654,0.0001870912345861823,0.0001847112636801116,0.00019714524132841913
655,0.0002682751192809918,0.00018757478732489867,0.00014810299823992006
656,1.0847991347750883e-08,1.7567676899000326e-08,3.700651772387577e-08
657,0.0001714869041958243,0.00021774704003018334,0.0003125037971595733
658,0.003006109434789237,0.0010779815853949682,0.0005804766281160966
659,0.00017119024045900044,0.00022925814437326473,0.0003543676320509424
660,5.8811991074237126e-05,6.718439337821156e-05,8.429468730625191e-05
661,0.0026522349510673666,0.001033577554329902,0.0005779344042354573
662,0.0001320127636261573,0.000159174822219905,0.00021347503225844304
663,0.00018496391985117934,0.0002472921391315993,0.00038133016774715214
664,0.00024164296006123657,0.00024076684540522172,0.00025941607864556597
665,0.0005045398053018447,0.0008883490111214978,0.002205522970979008
666,0.0003596171558683236,0.0002722171055871684,0.00022847615374211097
667,1.8396989317541621e-06,2.5361164459390046e-06,4.089957671339773e-06
668,0.00012672909375934722,0.00016012816640740432,0.0002282988944832567
669,2.7267366684657042e-05,3.726551239557681e-05,5.933113638803639e-05
670,3.105117601384766e-06,4.310166541402454e-06,7.023060549554772e-06
671,0.0013404371891235646,0.0003004594738626029,0.00013567719794208878
672,5.57311412661579e-05,7.576802490512176e-05,0.00011970581928657369
673,1.3998589670734918e-05,1.3545527300214768e-05,1.416509137917368e-05
674,0.00010801873660356185,9.758264399363327e-05,9.545105639000702e-05
675,0.002956208057340784,0.0010458001459273678,0.0005598158450497104
676,0.0002012863003767549,0.0002564388258069689,0.0003696968183471522
677,0.0002146473254818308,0.00023439432753017168,0.000278999090653481
678,0.0015465903671422192,0.008947780677302196,0.04544337388236862
679,0.04305874095371316,0.01057046098168358,0.00175093371201712
680,0.00025818270229974855,0.00030256770831250626,0.00039158306300356095
681,1.924560674343122e-05,2.3960395145924808e-05,3.349463110011054e-05
682,4.9137708943219944e-06,4.710388454004971e-06,4.8798378753971514e-06
683,0.00019398224632772117,0.00043414647622527086,0.0020030922747068395
684,0.00030972937123393315,0.00040539291757059695,0.0006065743537306432
685,8.117849793007228e-05,4.9114696735158585e-05,3.505089537587514e-05
686,2.5938789158494365e-05,1.8942075151531363e-05,1.545675841468698e-05
687,7.614076738026822e-05,0.00010319794403781857,0.00016231124716934142
688,0.0002215862326349287,0.00043834475068516276,0.0014226665215816602
689,9.166758326411874e-05,0.00012397676398817872,0.00019438504909559002
690,0.00029412550539432275,0.0002514263907242159,0.00023380382508252602
691,0.00109747726084771,0.057507420521598525,0.002064992680553031
692,1.8299262291799464e-06,7.117950993260668e-06,0.06247744241195849
693,0.00023894388090463166,0.0002596388321764941,0.0003073144799260203
694,0.00012406522716377862,0.0001670987116033328,0.00026042278865559917
695,0.00029572690099702754,0.00045298599018254044,0.0008643705236674954
696,0.0002494364572612238,0.00018660498700728473,0.00015516570409771134
697,0.00021630631131133902,0.0002515403746918151,0.00032247243226589384
698,2.394166689367682e-05,2.107726940273066e-05,2.0128521060068347e-05
699,0.0001068854607050589,7.889216687253938e-05,6.491148667087193e-05
700,3.612066157412528e-05,3.1739843640869703e-05,3.0259340888608827e-05
701,0.0023748846517679363,0.000945803976754459,0.0005342846452510994
702,0.0003865465363648199,0.0002677614535291019,0.0002099626668864942
703,0.0001509861033583471,0.0001742446391882834,0.00022131585573248835
704,0.0008859744171655565,0.0005032966504527968,0.0003449744125806399
705,5.33664086402943e-06,7.416748099325936e-06,1.2107177336488182e-05
706,0.0005929275128938338,0.0010960889206326904,0.003025134488690241
707,4.996030964368415e-05,5.2548476017319867e-05,5.998086362603996e-05
708,0.058152325050311426,0.0009803486762100058,0.0002921844733835624
709,2.8492919510434148e-05,2.040007988004278e-05,1.639663494796255e-05
710,0.0011036260286481315,0.0029213753619797087,0.026095453597507517
711,0.0004067036677155959,0.0003109241403801495,0.0002630411728414535
712,0.00024470883226052027,0.0002441544407945769,0.0002634384187429153
713,7.950483739953648e-05,5.0078572951703995e-05,3.671348183676085e-05
714,0.0005853236569174663,0.0003967197025052027,0.0003061766880989543
715,0.0002734589709538454,0.0002050412669188724,0.00017080164790063415
716,0.00015709923085667601,0.0001814182256197203,0.00023061018106894474
717,0.00040908470865997796,0.0006100976428367789,0.0011130680022881777
718,8.368636533542972e-06,5.133212637015361e-06,3.6967348587894476e-06
719,5.207314139681885e-05,3.714703306132715e-05,2.977466467969173e-05
720,0.00021654586447099485,0.00028838231152855665,0.00044219906162943143
721,6.571487337760384e-05,7.300635824047675e-05,8.86376474113613e-05
722,0.00020364469791589853,0.00027164374067347266,0.0004175047814791508
723,0.0003552811754184151,0.0005390275782099121,0.0010119710162681636
724,1.8177691983128573e-05,2.909453113941317e-05,5.998566167648076e-05
725,0.00023707760720484262,0.00031486825296152894,0.0004809435163460296
726,0.00028445479901020404,0.00023917758162929982,0.00021918825753216057
727,9.348889590566766e-05,0.06217214286187676,0.000109515952322446
728,4.264587722711141e-05,5.332048721752188e-05,7.495975766053967e-05
729,0.0002457359415593151,0.0002871182799726664,0.00037021995081260294
730,9.600525411681755e-05,0.00010150650428906155,0.00011652893697854776
731,2.0357642937214366e-06,2.1211315214556218e-06,2.3963786338971023e-06
732,0.00014632180221000818,0.0001852828197824456,0.00026492769939819814
733,0.00020065090880579657,0.00024000259590793322,0.00031862421995015156
734,0.00022367863699835822,0.0002666977563459435,0.00035265203119444125
735,0.000245928261846948,0.00024618795850919783,0.0002665516847942989
736,0.0002776377428476276,0.00035736402694997935,0.0005224656086490136
737,4.6108392510544825e-05,5.76804170754679e-05,8.114640396273066e-05
738,0.0005124124409284433,0.000903431980894322,0.0022493304581679154
739,0.0003658086974983832,0.0005538609399240278,0.0010362256391392016
740,0.04880092844648265,0.0022675173189028357,0.0007437982872628839
741,0.0009115533468691009,0.0026780960827881084,0.04371026628911766
742,2.1027051547920995e-05,2.8778707649739016e-05,4.5917214811314916e-05
743,0.06096224269362297,0.00039713402586475505,0.00011225994360396753
744,1.19106671734701e-06,1.65084466668135e-06,2.683911126593602e-06
745,0.0006093773762173247,0.00040960260205761894,0.0003142306215670977
746,0.0008714717157698041,0.0025845422922392753,0.04507931252039151
747,0.0008927335842147382,0.0026345914358798968,0.04436867260138637
748,0.0010859381701181768,0.0005858292501294763,0.0003890643294999632
749,0.00020315610872431738,0.00023584357793631852,0.00030171782898182406
750,0.0004114910075975198,0.0609006270629779,0.0005849046785146035
751,0.00011141955058915219,0.00018618521010095192,0.0004161389470609048
752,0.0010813155601906244,0.005706577635053453,0.05063840370237346
753,8.479296013690164e-05,0.00010279757695937092,0.00013882634474923604
754,0.0003973065136980009,0.0005966636959817709,0.0011011663225187671
755,0.0023761422983185785,0.04764540658823212,0.007524651270352734
756,3.5069820744948586e-05,4.91413991805028e-05,8.122309417233743e-05
757,2.227003729403176e-05,5.900885092455181e-06,2.8189609524181876e-06
758,0.0004092889230254384,0.0006083456692725936,0.0011037241056259203
759,0.0006162766044194228,0.0019281361481187725,0.05189172237029548
760,0.00018551368486501021,0.0003691770770541029,0.0012164900567207062
761,0.00027055175800052016,0.00035751872770408913,0.000542193636455433
762,0.0005810362894119173,0.0013755434759430195,0.007689982782361837
763,0.0002826710050370731,0.00019741830163397427,0.00015574512132594175
764,0.00025132888653675985,0.0011059889512475827,0.05963668679332078
765,7.005222286488e-05,9.502935680866587e-05,0.00014965578361410265
766,0.015071534558226072,0.002230049562920511,0.0008968114007082816
767,9.499205423756206e-05,0.00010518074364528673,0.00012720818218409604
768,1.2727206888266327e-05,1.773792791350662e-05,2.907900077907861e-05
769,0.0006086211061996637,0.0004093864384255054,0.0003142258948160722
770,0.00040622917618535903,0.0006074995457856176,0.0011133525635899592
771,2.6172715176863536e-06,5.48005680346232e-06,2.069631337319499e-05
772,0.0009039534879442551,0.05855749853579439,0.0015804375552424354
773,8.286869751228996e-05,0.00010417989610506062,0.0001475294044187509
774,6.827822314997358e-05,7.197318895087643e-05,8.235108530280932e-05
775,0.00015028925757430003,0.00012453884202681299,0.00011268927132915302
776,0.00011001596051345745,8.746214397054445e-05,7.640059048466621e-05
777,0.0020743846193638153,0.013476988794327545,0.03906951813731131
778,3.3028459815806426e-05,4.508460996783223e-05,7.165255073050231e-05
779,0.03443670121646461,0.0030179020491248533,0.0010879197775045806
780,5.562519427449438e-05,5.711733819015953e-05,6.352214471633425e-05
781,0.00017091710632996418,0.00014190875218385914,0.00012862364911858806
782,7.14495051084665e-05,9.690504208892991e-05,0.00015256412813193258
783,9.065845864075814e-05,7.468666506262304e-05,6.723966105135218e-05
784,5.4200100065132425e-05,5.7038125389989785e-05,6.514334886195023e-05
785,7.775214704314964e-05,7.58964491147322e-05,8.007218835172696e-05
786,1.1831651042680767e-05,1.3256308907642973e-05,1.6254515045329e-05
787,0.0007069733979640791,0.0034629219727448026,0.05469336782974613
788,0.003375135348281766,0.0006912938810870277,0.0003035875162244333
789,0.0005427871872518969,0.0010181670481728502,0.0029055164778979408
790,0.00044624564578145745,0.00030755172648274536,0.00024026627012896942
791,0.0017070605120744105,0.0007080897773263979,0.0004079187222688389
792,0.0012397605848117744,0.00027949094766093293,0.00012643943737825492
793,1.5385570957407322e-05,3.191312522311147e-05,0.00011740977126363868
794,9.937325190039073e-06,1.62416076781756e-05,3.480321505281459e-05
795,0.00011208417659980052,0.0001288182806304973,0.00016280557203650326
796,0.00024258879388841078,0.0002832688587522923,0.000364983975868662
797,4.4452858411034536e-05,7.3398776734841e-05,0.00016033565241011714
798,0.00025092487039452325,0.00014934311237931283,0.0001054435661026311
799,0.0010602632348504176,0.002744845052057833,0.02207950983621446
800,4.041267664864343e-05,2.5304423520886815e-05,1.8476577210641487e-05
801,0.0002415551287901324,0.00026224773045293003,0.0003100961247968481
802,7.903729067557731e-05,0.00010707989455265043,0.00016831616226645554
803,0.0002413613593834439,0.0004103702714542714,0.0009488507464883669
804,8.940345876933857e-05,0.00012095140292303959,0.00018972555710517259
805,0.00022263285741093813,0.00022434536384681228,0.00024458464956303975
806,9.301976050010322e-06,1.2949090777882789e-05,2.1191026775413444e-05
807,0.0006080546940113667,0.0004091789648362936,0.0003141623993742081
808,3.5129252812434254e-06,3.6410243944008458e-06,4.0901441253033664e-06
809,0.0016352838955266127,0.009634789621934068,0.04441846771552168
810,0.00038121105008459457,0.00029513066775688565,0.0002522376205013068
811,0.0002445640297863479,0.00024398965685411966,0.00026323788583925594
812,0.0007589087861033097,0.0018436969627582264,0.011356939843302431
813,8.146964161906203e-05,8.60045578528183e-05,9.856444933184587e-05
814,0.0008504005830446137,0.00048456124923959207,0.0003327649990003296
815,0.0014134452515372705,0.0005958162203200651,0.00034596894194404554
816,6.785541540951928e-05,6.440059908128055e-05,6.60600016633706e-05
817,0.00011369036782682552,9.906016250285976e-05,9.371407302820126e-05
818,0.0001831902165971077,0.00028488636685568974,0.0005580140039168438
819,0.00025924517772117877,0.0003039150941546095,0.0003934899243178839
820,9.927256497601469e-06,9.502330022435271e-06,9.829705642885261e-06
821,0.00016172433266295174,0.00015922141163088072,0.0001694533372766239
822,1.6686084866457997e-05,1.746092874291966e-05,1.9819452733383837e-05
823,6.971809586277965e-05,3.387441790302755e-05,2.118454799316558e-05
824,5.463943216157045e-05,3.3180135414742886e-05,2.3736668662157668e-05
825,4.940448960362463e-05,4.698908677084003e-05,4.8301377469485245e-05
826,0.0002847383129541589,0.0002229299147722165,0.00019228635874757286
827,0.0003605406161872427,0.0002729507047303674,0.00022911500863823255
828,0.00018759805672809382,0.0002056170699223352,0.00024578374023825374
829,0.0002998883448784273,0.0013376830134366761,0.05910254076992805
830,2.1158322030166872e-05,2.0502077532322598e-05,2.146991699898099e-05
831,8.488735618499943e-06,2.2326065644362077e-06,1.0637482730539263e-06
832,0.00019838626646468896,0.0002526603948994845,0.00036408601169046436
833,0.00026065722237059505,0.00030571898951892634,0.0003960626324149117
834,3.721565534097033e-05,3.830521438767242e-05,4.270938819777861e-05
835,0.0002648984000748064,0.0003127998405010465,0.0004086382247696048
836,0.00016778304478762374,0.00013269983614513228,0.00011542050283171935
837,0.016579716249255878,0.03514348652314931,0.003009076962792122
838,0.0002773795483557092,0.00040090432971271475,0.0006952701714446556
839,3.6508231458524276e-07,2.6433872882635543e-07,2.142891591121307e-07
840,6.844759304516166e-05,9.287455555853995e-05,0.00014631289130482184
841,0.0002968456925080543,0.0003901912685400024,0.0005873341749534081
842,3.543209511404659e-07,4.90558114134543e-07,7.962282861208339e-07
843,0.0001567618125238281,0.00021029980819960332,0.0003258760436366317
844,2.5113366273881825e-05,2.4350918542904402e-05,2.5517837410863915e-05
845,2.3548280473943806e-08,2.653162246994801e-08,3.2746807098595605e-08
846,0.000259399719203563,0.061752811193391745,0.00020418259295058064
847,0.01744445568285482,0.0024346151077557585,0.0009654633889273747
848,2.3263416125966875e-06,2.232474897679395e-06,2.315288706209426e-06
849,0.0019190425246223585,0.000786508975734797,0.00045045197165071197
850,0.0001436403975274482,0.0001656379511915955,0.0002101853605870286
851,1.2222420715344816e-05,2.539623248084379e-05,9.388517114608435e-05
852,0.002674283561088324,0.04376965944556799,0.010077801394654381
853,0.05176506706565306,0.005057359846640076,0.0009778906191649022
854,0.0001864152758842478,0.00023709407204567902,0.0003410309464103969
855,6.902286025411607e-05,9.36471575354594e-05,0.00014751169987687536
856,0.0004078270896310246,0.0006091276785117202,0.0011140317985916263
857,1.193707924017114e-05,8.689769203140222e-06,7.0736700615673506e-06
858,7.452506531848712e-05,0.00015159411431514926,0.0005289617621327843
859,0.0001929926394170507,0.00025777382310187365,0.0003969350733919255
860,0.00025882357113028747,0.00022238031880075922,0.00020773809093955708
861,0.00028600748581163437,0.0003687065263562893,0.000540193248190077
862,1.6216820317952572e-05,2.657124011741333e-05,5.720570541119076e-05
863,0.000321956634773098,0.00022416813826177067,0.00017644740472009488
864,0.00019742244561511343,0.0002635470168519742,0.00040550827548785004
865,0.0003905613141255348,0.00027045375125644955,0.00021202254162762084
866,6.382377137167713e-05,8.004257371245649e-05,0.00011298226639602523
867,0.0008623941644835748,0.0004909003321349956,0.0003369059268506258
868,0.0004000468818762261,0.0002768059600323709,0.00021687755018147455
869,1.6543172110800544e-06,1.8603378704529445e-06,2.290959304749217e-06
870,2.246382502857403e-05,2.1447483379044853e-05,2.2130201539035464e-05
871,0.00017657827374608002,0.00027484622487692484,0.0005391781346660608
872,0.00031400063931942356,0.0004096158190579417,0.0006100463975469588
873,5.006154423686146e-05,6.0968833070891144e-05,8.28204747595327e-05
874,3.6794128206032452e-06,3.254871709025623e-06,3.122174311221004e-06
875,0.01120812812207095,0.04215441977516576,0.002770193312349346
876,5.219334340203934e-06,4.648181664417383e-06,4.486400561298279e-06
877,7.962206765955064e-05,0.00010786329991499878,0.00016952727566320344
878,0.00020901310446715398,0.00014682911126078643,0.00011633859634910353
879,0.000386973919255056,0.0005692933116283195,0.0010156911933103577
880,0.000274341362223485,0.0003622895951074824,0.0005489209288339272
881,0.00018503495864033784,0.00036825432754113163,0.0012137020572531435
882,0.00019575570880818254,0.00030392086052699575,0.000593571410143358
883,0.00013963367967791295,0.00011070769616367245,9.648836784362754e-05
884,0.00021994730714739567,0.0001406144880762474,0.00010413969961973011
885,0.050410478623303924,0.005840275429422517,0.0011021574631500525
886,0.0002524072448124203,0.00033449733672812987,0.0005093427554660285
887,0.061804499947728526,0.00019091315123257984,5.255254261121954e-05
888,7.662291917348734e-05,0.00010384431172590312,0.0001633115150609578
889,6.26378354486156e-05,5.004191150130471e-05,4.389264711247374e-05
890,3.9722058799877336e-07,4.4718429959150634e-07,5.514160036026825e-07
891,0.00010805188430946042,0.00011032265810198384,0.00012195411587792954
892,0.000264230815290612,0.00031039975499871805,0.0004029101974427173
893,0.0008965941576691488,0.000471349912184475,0.00030828156507107406
894,6.678540704202874e-05,9.064158322340868e-05,0.00014284672362412275
895,0.06014281625959092,0.0008924904667674417,0.00020561898776928945
896,5.651632028240174e-06,5.852996141362115e-06,6.569244356194909e-06
897,3.6314176895060202e-06,2.9508009012179974e-06,2.625504337482127e-06
898,8.219960224392124e-05,0.06221326822223808,9.530595021622977e-05
899,0.00029709209573468016,0.00039049064826499736,0.0005877329321763364
900,1.4165275437453564e-05,1.975091440139724e-05,3.2400723361367484e-05
901,0.03431293084133813,0.017268102226394074,0.002420500810509746
902,0.02518090313557757,0.025643316958480687,0.002905718249952596
903,0.0002570441606529284,0.00023638568728001706,0.00023516275313091364
904,1.2533018757776796e-05,1.2123465289203707e-05,1.267385922573071e-05
905,0.001719182881221792,0.05351325133099616,0.004089029782817932
906,0.002987498247211359,0.03636020345941956,0.015591728506113227
907,0.00027206542905363815,0.00023336740570368945,0.0002176759077268875
908,0.0013876858434115082,0.0077765471341148295,0.047247369273601514
909,0.00029547185218736994,0.00038851850762991713,0.0005850982345886072
910,0.00024459395606431456,0.0003132704675329734,0.00045489784393319265
911,7.423954811263714e-05,0.00010064847374100038,0.000158364265644271
912,0.0005845085061847052,0.0003962329950207772,0.00030583778885790244
913,0.00027668876527415235,0.00023718259212206222,0.00022110907927691962
914,0.00012362237654074768,0.00010761465695345057,0.00010172162017652421
915,0.0002016625826059769,0.00018390717325425168,0.00018150079591680351
916,0.00020331620222066967,0.000205465334954949,0.00022467302075648312
917,1.9290578817224002e-05,9.040545638337008e-06,5.543956177270199e-06
918,2.6719185208813055e-05,2.8010674969824693e-05,3.185715114979876e-05
919,0.001102332232107624,0.0005975489329045029,0.0003979974175422837
920,1.1816639583390947e-05,3.028425954519336e-06,1.4298719898619621e-06
921,0.00034918712242051913,0.0005303725941383235,0.0009975983928903625
922,0.00011473114427968965,0.00011241928614664338,0.00011906363829877205
923,7.245495396545224e-05,6.873170145926603e-05,7.046806058687536e-05
924,0.0001639387705105442,0.00021973838151851885,0.0003400791611899539
925,0.0001512355374289343,0.0001253342043964695,0.00011341774697806796
926,4.734143166861841e-05,7.821781917090529e-05,0.00017106842253398165
927,0.0004901657131080781,0.0008610021163523448,0.002127105736261247
928,3.736822458491763e-05,5.949321436620522e-05,0.00012148624555023688
929,0.00019019894404415604,0.00032130972180833856,0.0007335601334102422
930,0.0028866269538233933,0.0396809437908246,0.013015684502419713
931,0.00018810806026856687,0.00029234324622704036,0.0005719677236234734
932,5.625632394211309e-07,3.467053359929909e-07,2.5047122507144547e-07
933,8.529354687979431e-05,0.00014193491614776315,0.00031469783029397513
934,4.4867758433547135e-05,7.131128573991668e-05,0.00014517215654029117
935,0.0001255302813684535,0.0001690413450160451,0.0002633813229850096
936,0.0005073288370865505,0.00034758987910089525,0.0002703729735162296
937,0.0004562753487782688,0.0007973469405245881,0.0019488678315242168
938,0.0002077592129756245,0.00029782889174507485,0.0005098864306501458
939,0.0002284816634376143,0.00030380419992025393,0.0004648121198813957
940,9.529401786578162e-05,0.000150066240331922,0.00030050205733302555
941,0.00016465322501411537,0.0007051415874864841,0.06059986286149063
942,6.3497559841339e-05,8.62220404357795e-05,0.00013598034808134338
943,0.0005669521368856416,0.0010571219530571825,0.002975219060126155
944,1.481640709511111e-05,5.880955244053768e-05,0.062320404132810446
945,1.555914527263477e-05,2.1325881799508964e-05,3.409892013014374e-05
946,1.1062891253361552e-05,1.7754014796142542e-05,3.67819984989473e-05
947,0.0003124162518951086,0.0004082623119902535,0.000609516061597833
948,0.03551226829786596,0.0030033930681271446,0.0010759358302209886
949,0.0004804814962304613,0.0008427031640594471,0.002075292325707498
950,0.0002597192451741645,0.00030740121594431615,0.0004027536034531164
951,0.0014681775006219575,0.00045386443661328584,0.00022973124211587826
952,0.0002646352080715467,0.00022721219846169716,0.00021211683510797145
953,0.0028924089832124467,0.03953417178641713,0.01312589150823643
954,6.750798918035352e-05,0.00014724346388658705,0.0006267260647603995
955,5.973704589030214e-05,8.116273602000556e-05,0.00012810997993260547
956,0.00028890207350457304,0.00037265499577159424,0.0005464153727539954
957,0.0003142265734029853,0.00040938941478927565,0.0006086298600677665
958,0.0007887377950986316,0.00041050633317573184,0.00026691768366738646
959,4.004841797146554e-08,1.5385025437754563e-07,0.062499500738272935
960,0.00038202931846610905,0.000660916214969193,0.0015824055933409784
961,1.5567069764459687e-05,1.6286201598954472e-05,1.848141413777406e-05
962,0.0001301193554585831,0.0001848579284359325,0.0003120713815358716
963,2.4058531100328383e-06,3.3151609520209317e-06,5.342882305877909e-06
964,0.0008324848616976247,0.00036248121930562607,0.00021392398093001422
965,6.141615245031837e-05,7.018215138390025e-05,8.809027783006031e-05
966,1.078668465338972e-05,1.4806479666146099e-05,2.3726712794287745e-05
967,0.0002412349142901056,0.00022474306410911132,0.00022638918212486065
968,0.0004324044944380429,0.0010028687704928762,0.005212016533113651
969,0.0011101133771384076,0.0006099945710682507,0.0004096338738453222
970,0.0003132018721865689,0.0002653176688646126,0.0002447441605288176
971,0.00011518218238123607,9.512576001398715e-05,8.582427250414591e-05
972,0.0002321692236855969,0.00033375625245013485,0.0005739154930923903
973,0.00023569767606573984,0.00030152554396361815,0.00043714993239515806
974,0.00025372056575937715,0.00030082731092550283,0.0003950014015025521
975,6.486264403096838e-05,8.805742648945993e-05,0.00013883286025799936
976,0.00022784430281526684,0.0002653967807653633,0.00034092527234720317
977,2.5250659016198383e-05,3.08788158046751e-05,4.216876239483748e-05
978,0.000607495166297236,0.0011133495860869923,0.003013748649879199
979,0.00014094200869863604,0.0001894380769799642,0.00029435834765176256
980,0.00010032861569148169,0.00041927114516515375,0.06132632996297794
981,5.179920604362509e-05,3.7984078722953606e-05,3.1094602234016485e-05
982,0.0003600043787002638,0.0005265751764397498,0.0009307822475113851
983,0.0001359084365133555,0.00016380045468958383,0.00021955663446489047
984,0.019462006303124852,0.002583914473053059,0.001012885690464573
985,0.0009493847658867604,0.002385686416020171,0.01684203563983452
986,0.0003215104686507768,0.00020740345449099643,0.0001545619418919959
987,0.00040366945910632436,0.0005972726163498582,0.0010756011274561583
988,0.001101222119017664,0.0029094062328085925,0.025747091502185366
989,0.000342304167623774,0.0006646514857920733,0.0020592569752567453
990,6.89918410910747e-05,9.360550055688755e-05,0.0001474470690025288
991,7.85381000442458e-05,0.00010641106171400617,0.00016728198216219242
992,0.0012906720674800845,0.0592097559935282,0.0007760654741786996
993,0.0007091256184783435,0.0004084847841722941,0.0002824459045407449
994,8.447182678843252e-07,1.1656112497717367e-06,1.8824744127079107e-06
995,0.002712966159329674,0.0009268991288546727,0.0004887966028996493
996,0.0003053343869468469,0.0004670479322952598,0.0008890737966198716
997,0.017434843562417347,0.03411381088080172,0.003021033252040756
998,6.435628723031456e-05,8.071614629092042e-05,0.00011394380344387089
999,0.0002520814603186101,0.00018863023683141251,0.00015688024931175104
